8 1024 
6629
1507
6477
299
671
4495
3868
8533
8172
6907
1219
4314
3434
8164
7551
6095
571
7461
9135
3384
5993
1270
824
4448
6117
3804
1671
6271
5123
160
4466
2519
9079
7878
1446
2685
17
4464
8883
3689
7779
659
3070
7656
2821
3545
6262
3532
2507
341
7773
7611
5106
5153
3655
9454
3442
2999
3297
8982
2250
3288
143
4097
1563
9810
1670
7239
8393
7750
7244
4739
6108
1863
3554
1543
4357
157
1524
5221
9275
7494
2227
3941
5085
2556
5066
4336
579
4820
7606
2752
477
8197
1236
797
9959
9168
564
6452
9036
8107
1223
4970
9590
4359
7193
7759
3706
2513
6720
706
8408
1011
3119
4190
9994
5328
2820
5940
3120
6867
5090
7471
9029
9458
7159
9818
1287
2020
3542
860
8652
3393
3518
8375
8768
2484
3356
5479
1031
5805
4434
1836
8676
6044
7395
8669
6504
5431
5125
2277
6026
5460
5291
4589
4432
4263
4066
3065
2240
2858
205
1114
2243
6481
3311
7214
3761
9116
5072
1025
4280
3821
6877
3172
4983
9255
7455
7301
3474
136
9149
1271
4004
4045
7509
2698
8949
5050
4260
2294
2195
7131
8699
4261
3500
1399
7774
1675
5227
5847
1865
3908
6811
6845
8360
3639
3689
5364
2083
4199
9334
2099
9705
3112
6252
8219
2609
8367
2038
5939
3806
8265
3889
7196
5301
3224
8014
2529
2208
7903
6332
6587
5136
2930
8745
6196
3495
273
2923
2802
7351
6743
2996
2984
7344
1473
3430
6311
6770
8065
1428
7670
2563
5759
4341
1917
9757
7906
7695
6082
7415
3524
1281
4948
7917
8649
1869
6340
9193
1883
2780
108
2068
7015
3964
490
575
7017
8582
7163
6650
1664
3765
6423
177
9994
2865
90
5627
6635
8662
8836
1604
1966
6875
5493
8335
3794
1166
9394
2732
9400
206
5371
4917
7413
2122
2528
6285
1010
2728
8657
7317
3051
5289
346
871
7289
9442
1532
6025
6210
3279
7334
9976
6109
1151
2781
364
6928
402
3324
8959
2485
9464
7226
7800
7151
1036
5167
3354
5952
4324
9914
9667
6665
110
2263
4550
5372
3314
2578
6823
1012
6835
5812
3379
8714
5201
5816
9569
2831
9795
4619
4745
4189
8441
8645
2670
2177
7406
1409
6953
885
7325
1675
7603
9458
3929
9083
9502
5494
752
7486
7079
1653
4974
5945
4034
4862
7813
5913
2346
3115
4232
8918
6580
5157
6391
4849
5235
5275
8833
8772
62
363
6239
8614
9888
6766
8503
4233
6824
521
5939
5032
9195
2239
4007
1023
4242
5962
8671
6663
3529
7749
6848
5839
9293
6908
1887
1300
3636
1514
9711
766
3393
8854
1974
2467
550
4064
697
189
655
7864
9560
4847
4335
5782
6412
351
4479
9396
4868
2703
7388
5917
2078
4351
3565
9524
8833
2457
8580
3978
7774
3682
6101
7455
2328
1461
7587
3886
103
6725
4434
9081
2491
9197
5819
7513
3513
4623
7812
2679
669
3550
7198
7514
6268
1623
276
4517
7846
4440
6136
8317
6013
4051
5077
1976
5302
1094
4442
3010
4632
2516
1499
1974
1766
7096
7915
3997
6190
1512
1613
4642
7947
5008
9474
3936
4610
5990
5871
230
8854
8423
2645
2682
7409
6039
1896
6575
617
3461
4489
1094
6472
7006
9795
9801
2182
6614
9485
1898
2363
7179
3029
4512
8095
2209
6090
1213
2773
5659
5010
7796
455
2611
348
6187
8956
2561
8174
6708
4769
7667
8310
2806
8830
8411
387
9124
1525
6533
3397
1453
1418
1825
3145
2671
9425
8997
3274
5800
2999
5246
773
6812
4802
6963
4843
2988
7730
3245
1095
4220
2417
2418
6460
5140
5556
2291
801
18
6495
7554
3115
7794
8888
5505
5639
7435
9987
1166
5997
9499
382
8571
1191
2040
7439
4494
5705
2593
396
4340
5499
8768
5294
6538
5350
2838
5886
5496
8133
915
4285
6638
8495
6453
1839
7030
1013
3835
5783
2036
4156
5401
2245
7358
9836
2586
8613
8227
876
3082
2949
4626
2916
34
2590
7385
6459
5550
2370
2741
4506
40
1162
3302
7489
1472
6014
9351
9039
8892
2763
1444
5072
1135
4010
8742
7612
1260
5298
425
2004
7972
7373
2830
2671
2366
5744
7432
6390
4705
8049
5276
6380
7337
5904
8753
9539
3768
6562
8693
7363
7832
7175
8848
7889
2642
1207
7537
352
3637
6
6913
6741
8255
4003
2637
9967
7923
7731
4602
4938
2023
5999
7615
8555
3273
4309
6781
7586
7591
471
7764
3338
3159
8680
5784
2267
3778
9531
2473
3239
1923
3301
5188
803
5667
1796
5235
9468
2615
2861
8230
218
9641
8324
7145
4849
226
3220
6109
941
7381
7257
912
2491
3488
1732
4661
6795
6307
3505
3497
7966
6466
2819
3409
4742
5754
1333
4752
91
4190
8603
1349
8977
4296
9051
4766
664
6436
59
1426
4671
6138
8989
5043
4202
2023
8569
4367
1859
5592
4042
3755
3760
605
6291
6316
1678
5091
3501
520
8732
5194
1439
6402
1710
9850
2788
1247
6538
3641
4028
8949
6946
2573
9961
544
3109
2950
6752
765
1911
5615
1928
761
7405
1476
2538
6255
6262
1256
6428
3958
5720
8417
8510
2614
2125
5479
4510
4712
8759
5221
7472
1455
4161
8402
7263
1927
8196
809
9906
3549
714
555
6276
968
9399
5203
1897
6423
9871
1492
9615
2793
4322
4705
4487
4744
543
1806
2110
7682
5071
9356
64
4756
5316
7765
5055
581
3593
2412
9927
7565
1169
6707
4108
2470
3396
9128
7736
3148
8381
6000
5591
1280
4996
3674
8776
6876
3602
2841
4849
8962
3204
4173
3472
5118
3619
4239
4729
1401
2035
1567
9161
4545
7467
4620
7112
1985
3424
9530
8037
3125
6609
4994
6625
2883
5282
9551
916
4644
9984
8309
5111
3945
4130
5012
2953
1616
5876
6915
5620
6202
2388
7628
9226
5799
7086
7778
1440
6585
7863
6665
7134
8977
8408
6905
3022
739
1826
392
6832
2230
8186
1386
8568
6580
9974
1795
8933
4369
8764
1597
7856
3121
5785
8623
1867
5555
6636
9203
1053
548
3489
7931
6885
5132
2955
4014
4582
3798
5485
1025
601
1923
8669
3064
5956
9773
2636
2689