8 16384
9108	7325	9330	7249	9999	7213	6555	4290	9049	470	123	1157	7440	7903	2507	2586
2032	7907	685	672	2688	8686	7339	595	7054	6550	3514	2821	44	791	8798	1154
7421	3880	7875	2822	4319	1772	7249	5384	7236	8388	7908	841	6606	9898	8678	4137
3772	5099	6663	304	1279	392	4612	9484	3343	5127	8641	861	1709	4202	182	5756
5500	5919	7697	6701	4862	3207	327	5883	4141	5323	8111	1249	1271	2263	6513	8635
6201	1378	3501	3357	1106	5383	1861	6414	5629	656	5895	6240	7780	7183	4588	535
4071	7487	390	2480	7958	3636	9162	6506	2154	8721	8908	5121	7620	3094	3966	5400
6906	9035	6143	5469	5918	5050	7699	9537	2641	3659	5794	461	9116	5453	6147	9759
5307	8981	4198	6235	5351	5788	9383	714	1445	9755	5045	6770	7164	1193	8380	7455
7759	6362	8141	1555	5970	9764	8141	3580	8513	9869	473	1528	1027	5649	4104	7125
1426	3663	7724	4512	8521	7395	8312	5704	4093	4530	7948	8983	2169	4013	2237	153
1513	2784	5026	8776	8405	2372	7363	269	3130	1685	1261	1501	566	1505	5167	4062
4824	405	3396	3120	7975	1934	2469	698	7837	8860	8314	852	3029	9289	8838	4858
7616	3876	7142	5885	2410	6230	1500	2286	9160	5763	4152	473	4948	683	7003	1324
7756	2812	4296	1958	2662	5235	1544	9903	9798	8841	2822	3921	3148	27	1860	7535
3122	5691	3509	3432	4403	4211	6411	6225	8763	4688	585	5574	4934	4393	8510	7285
5247	101	5027	269	7097	1173	5092	5917	5857	759	7087	8584	526	4519	8930	6095
5773	1403	4616	4224	106	6473	9653	7661	199	8996	4919	6968	8691	3705	9729	716
5357	9962	8278	1255	8137	6026	7442	977	7043	8129	760	3660	9723	2904	8157	6923
5773	5610	2779	7798	4611	5346	9372	4646	1879	427	9296	9328	2419	5159	486	7137
4270	1394	1530	7125	6578	1848	2121	2615	6549	7819	7855	5038	2064	8344	718	7653
4113	8313	4001	9410	5330	1869	1176	8220	4590	7920	635	5215	238	4164	6390	1945
9980	7775	7040	3292	2279	9781	4383	3303	4148	4747	4654	4823	3694	1675	1565	1995
8613	2814	5602	6650	6178	5198	6642	1095	3739	1621	8291	7112	3350	4132	7594	4732
4896	7147	4529	5197	6863	8030	322	2241	4567	7841	1354	6533	5060	8226	8000	3288
908	3156	1235	944	7239	7167	2927	507	5976	5198	8564	2821	8830	3999	1527	2227
2196	739	3694	2495	1639	613	2855	6936	2763	6963	4580	5347	9551	3778	4243	6209
4884	9933	1747	2150	7184	2997	338	9034	2796	5564	9789	7847	1436	9085	4587	737
6806	9423	2198	965	6055	7035	4246	3158	3123	6487	8872	1298	2439	2023	8001	1183
5091	1890	8803	6846	4959	9425	258	3107	6194	5239	7666	5240	8671	149	8382	8618
9078	6636	5115	7071	9318	6045	3168	5517	9582	7336	6079	8586	6094	4290	1338	3675
5380	9868	2492	9899	7566	3315	5125	9468	9863	9297	8555	5912	3149	565	4918	7642
1409	5337	16	8366	7267	3146	5816	9466	492	3362	6552	729	8031	2349	9638	4269
9001	9496	7092	9673	2790	6250	3289	3503	6158	1860	3169	4066	6464	61	5133	9468
1784	2107	1754	3691	7452	9882	8210	4268	8188	9594	8377	1352	7650	3224	4096	1447
4972	5328	4303	1055	3106	1922	2346	2451	5378	9346	5868	563	8648	3141	6276	1096
4293	7706	550	8680	7191	6115	7183	3494	1516	4802	8282	5844	8662	4677	2563	2275
8013	7416	8263	3537	7667	7935	4065	5093	4183	8492	8157	9424	757	7254	1786	6601
3590	4043	365	7808	5370	8479	6071	8380	6200	3111	2558	5167	200	7304	4526	751
9408	9429	8448	4527	3480	6093	1081	3140	2286	9461	4028	5158	4391	4147	67	5892
9360	5301	4313	6013	8639	6935	8677	924	2984	4218	8195	56	4212	4966	5534	2993
4553	4521	8353	369	5885	1591	6603	9892	1557	4277	9992	2089	9376	5214	2967	7192
949	4502	4414	1259	2844	1470	5086	2288	7600	7718	9492	4823	8190	4522	3784	8335
3512	6662	8811	11	670	6162	7395	412	2392	3444	2764	4649	2288	2435	3264	2328
8544	6936	7919	2808	6043	9545	9011	8997	1279	7447	5514	8742	7537	2847	3538	6369
3116	2083	8563	3873	7285	9213	2161	2742	6917	1912	2257	5208	7395	3951	9858	7563
5045	3054	4661	8289	4895	585	8170	3038	8853	8834	7761	2420	4317	811	4235	1243
4347	2417	3638	2450	8955	9940	6072	3174	4269	3905	7956	6384	3571	2092	1393	4060
4639	5018	1539	6906	9156	4901	5961	2242	1793	3801	2770	8611	8791	8192	5709	4113
2973	9134	6741	262	1357	7381	7119	2997	272	8704	2220	4287	3119	7874	8998	2673
8984	3201	4062	4060	8050	1273	8050	3294	1121	6080	8546	6528	3836	6212	3610	7259
3929	5386	8879	3096	3636	280	4045	6951	8686	4580	9063	7559	105	2241	9090	8034
6797	3890	2544	5556	3173	6744	239	4021	4473	4309	6241	989	1887	5265	1875	6852
5432	9688	9005	4921	116	132	4000	5797	7708	2468	3385	3917	1421	3329	8103	6228
8003	5410	3597	3400	5258	5427	8036	8974	7960	9464	5601	9140	2271	2231	9794	7457
1739	7532	1403	2880	4123	1850	3409	7858	4329	2602	7328	6779	3397	6205	567	4567
6607	7953	8948	9985	8775	8183	3996	7248	6180	864	1672	2431	5855	1292	6563	1731
3682	3583	4682	9076	3745	3363	810	8716	4491	1373	6066	3006	9387	7496	4685	2312
7461	61	9627	243	2034	573	5895	5780	8202	4886	198	5201	6894	1549	6686	3776
3380	1972	2771	1494	6316	4231	627	9890	2147	7637	993	8876	9998	2799	4295	3956
9249	6967	4195	9158	7734	6250	8968	5204	8229	2643	8163	4660	3185	9017	5513	5879
3778	9200	7500	1864	3629	9598	8821	9655	713	4798	8418	8957	341	4132	1379	2891
5687	7186	927	1647	2482	3489	2278	7729	9197	8500	2103	7187	8590	9019	84	8055
1827	3653	3104	5308	7815	9194	7256	7568	4943	2922	4560	4596	408	9081	5646	1188
2801	7375	5930	5342	2241	5604	199	8922	5385	2466	1335	4551	4677	8805	4970	1323
4795	9574	8020	3225	9436	5074	3036	8452	2548	6058	2033	3785	1387	6509	5965	8679
203	1692	563	5203	8255	7859	9508	6904	9644	3712	6674	1604	969	8906	6408	7797
2288	1299	5298	4264	5901	156	8047	6289	5503	9557	3251	5754	8256	4144	3720	3437
668	582	3955	5309	9200	5069	890	3046	4618	7334	1836	3744	1476	4993	2252	7430
598	5315	8492	1201	7470	7146	3432	2797	1902	8339	5165	5105	2832	8308	4366	7345
4589	2163	8472	5628	9650	1038	9685	5099	1671	8236	6995	9795	2958	9196	4442	7820
7097	4129	2790	9652	223	7634	9184	3322	6356	9870	4507	337	5090	1427	9659	1707
584	6238	8932	8106	5075	1938	9205	6511	4463	8994	1405	1098	4129	7746	7614	3305
4426	7144	7583	4884	7640	608	6143	5672	2961	1431	2748	7311	5554	8029	4089	42
9298	4113	9456	4175	2769	6940	2973	7164	256	4672	5729	5947	3954	3291	5478	3566
2595	6944	4718	5282	752	3865	3010	5368	3602	7768	8522	9697	8036	1971	958	2919
5173	3714	4189	4164	5784	8566	1441	5605	4593	3010	7627	1522	6155	8787	1085	1527
2500	492	507	6917	1640	7858	6559	7552	783	6603	9491	3412	7365	4028	3758	2699
3381	8188	8306	8900	3276	9743	5589	2353	3690	9819	3967	6222	3367	6553	5649	343
8401	4775	2140	9213	3643	7766	4238	494	7159	8796	1281	8597	2380	3364	984	1656
8169	7162	2863	5392	5644	1873	4455	6720	7223	3696	5455	8879	6052	3501	7618	7299
5868	7031	3335	3739	1336	322	4307	8818	6343	7776	7700	9577	4794	9798	70	9095
7381	2041	390	9784	9479	4224	3114	9733	7939	1992	4687	5733	5404	8490	6487	8271
5718	6642	1932	759	3164	9281	9255	3070	4398	2689	290	4795	1151	3504	9792	5020
5969	2014	9489	1336	4241	9181	9260	4570	3514	5174	9936	9657	1248	8790	4395	5716
1254	100	7551	6645	9363	986	5396	699	4607	8751	862	113	5125	7488	8813	2661
9136	5805	6622	8943	4136	727	492	913	5903	7526	9115	773	3295	7385	526	7236
5930	6652	3033	1295	2729	3466	7179	4254	7317	1721	8316	9153	8975	9291	4320	2476
2290	2677	3899	6966	4808	6313	3619	2530	5721	3388	2612	4512	455	1693	2920	1209
8588	6162	2150	5220	377	6672	8607	8684	4927	4560	6480	971	9312	6014	8884	7380
136	2764	6902	4713	6549	4320	5059	7909	4707	3210	9183	6607	533	3173	2009	2992
2956	6741	3404	63	6985	4350	4916	6171	9887	3775	2319	1764	4786	2986	3418	3443
9390	632	3690	3139	3133	1344	9417	4490	3794	3032	9018	8267	6868	4855	1692	6284
5032	7150	7318	5596	643	3361	7990	4597	779	3837	8338	3849	9924	1312	4717	4539
8387	1291	9831	4904	5163	8440	2825	8919	9930	8295	3818	459	7743	7061	4393	2769
3212	2163	9183	444	2860	754	1212	2884	7356	596	1114	8447	7712	4767	2010	2416
9609	8457	4205	200	9709	4738	8868	8904	7593	1706	8944	6374	6973	326	8565	1393
1946	6662	6461	8394	2815	9859	5950	6779	2815	7197	4463	2878	1395	6738	2411	9116
3264	6981	7731	7362	1286	9235	2479	5984	1961	5399	4345	2297	6010	8715	6030	1010
7890	4530	207	4064	1338	3587	7274	6869	6495	4740	1127	3039	5634	7239	8344	4398
2565	1660	7706	443	636	7958	5977	5634	1668	6659	1159	6727	3512	7065	1065	1573
3935	2497	83	3818	7710	5509	836	9833	2268	4032	3878	7284	4208	8783	7100	7253
7222	5691	6898	3513	4651	1253	6551	5951	2531	6930	2428	5716	3467	6907	9909	4933
1420	5518	5528	2773	5456	2394	7697	7736	7052	1138	5521	6237	9157	9764	3990	2381
5175	3598	5254	6149	3294	3432	3992	3586	6277	8635	3163	973	9224	6568	5479	1053
1317	2366	1147	3869	3015	8650	3120	244	1029	4826	8917	6905	7654	8062	4590	6408
8170	6792	2693	8994	6385	6340	1971	4693	1829	1647	4032	3941	5770	1396	1165	905
7652	2381	1493	829	4119	1592	4710	8230	2104	1928	6403	6199	8909	4020	7245	9054
5969	7366	4936	6359	6425	407	6813	9377	739	1708	5763	1113	8518	5657	2393	2552
4026	428	6726	7184	8971	130	5326	9319	6230	7690	4086	3642	5741	3307	6842	4433
3226	4794	2261	1739	4351	1995	1422	5790	9893	4064	4768	4103	5422	9755	9982	2673
8055	2005	9341	6312	8287	7030	5308	944	2211	9550	8792	4438	9169	5617	9923	6200
8386	5721	1748	9989	5727	2886	6319	6804	9183	9355	6172	3751	7595	2190	8918	8004
1542	1995	8271	1907	2063	2898	2670	9591	6785	3624	7838	8626	1465	2244	5624	5405
8232	474	7587	5239	7320	3290	865	2140	5949	5050	6963	6952	3332	4412	6270	6902
798	1423	987	8860	6000	147	2811	7278	1940	6030	4845	6264	7907	6289	7749	4295
3797	7067	9602	9996	6684	6132	8729	9450	6576	8170	657	2935	4292	1214	3230	1291
746	7278	1803	3644	8664	4875	2608	9918	7082	6965	5880	5079	7911	2343	2865	9891
4221	6768	9359	5516	5796	6861	7334	3969	3486	8776	9211	3092	4539	3204	5882	1761
657	6673	8393	481	8968	2555	8943	5483	6364	8969	780	8782	5107	6152	3945	1121
7093	1169	8244	5960	8985	81	5806	8878	6960	5242	381	7254	3858	2392	640	719
178	9090	6573	8232	1783	3818	6450	6822	6151	4016	9355	6288	1224	1331	9404	6873
348	1933	9435	7679	2126	5333	1997	8943	2909	4750	5685	726	7899	1570	7109	6182
9149	6058	1595	451	9945	7079	2827	9487	2911	7200	9643	9538	1714	6331	3888	6557
1468	1099	7667	4601	455	2165	5936	6445	2253	5419	2955	942	4272	7114	6550	8360
1322	2151	5023	5646	4792	3940	3535	9186	2623	1373	9816	6445	7967	944	3872	4525
7439	1720	277	9493	7908	5968	9395	6488	8911	9201	7647	1631	423	8631	8671	8707
3870	4313	3596	6654	337	1298	336	3758	7024	7559	9640	6128	4000	1476	6587	8363
4335	6349	9456	8072	8967	9388	2126	8312	9757	1000	816	1536	9893	4820	9962	9733
8622	1640	8744	8172	5969	2784	1316	1799	1488	5668	6684	7231	5790	8621	4843	7425
7139	5194	5713	3046	1762	6290	1141	5411	839	5447	7872	4883	9591	7853	887	4853
2824	5844	9593	3569	2878	811	4367	1122	3239	5768	1229	2743	4858	4845	5736	6245
9836	8633	6058	9314	1619	8036	1971	2447	6098	9302	1064	9433	6433	3216	9223	6696
9913	6208	7280	6898	9698	2225	5151	7346	9883	1158	4326	5480	4392	1071	7348	266
6456	5045	4534	2008	432	6923	4622	8839	3086	8211	2817	5559	6052	1467	4564	859
998	765	6003	1092	8156	8184	1019	2195	8424	860	9215	9622	4970	6586	9752	7127
4567	9210	7462	8091	660	10000	9009	2846	9456	911	9914	1575	1774	2574	9172	9805
672	8685	2731	600	2205	4284	2710	4456	1439	2002	6918	1908	110	1002	6749	1161
2398	5110	1473	2034	824	6538	2405	8457	4020	3840	9543	4127	1476	2031	4768	7123
2553	7701	1698	4288	346	3806	9736	2806	6208	1605	314	7404	4373	9489	8384	5939
8526	9979	7983	8129	3852	7100	8242	6904	4565	898	8280	4176	5689	686	460	4190
7584	1442	1510	7049	7251	2129	5478	1022	3644	1442	1075	5416	328	1504	7509	2282
4347	6322	5757	7517	2836	9660	317	9776	3457	4691	5653	9293	1426	8915	1478	7051
644	5805	5301	2222	1156	84	6689	8330	7650	1124	4326	3145	1011	5195	3065	593
317	364	8142	152	7279	4185	3237	3928	6789	2382	4110	3009	5686	7910	5079	3086
8635	5798	7599	6871	8	5243	6149	383	1460	9877	5647	271	309	6637	8512	9810
8850	2823	1437	4998	1214	2471	4477	5471	9583	7216	6032	2019	44	3524	957	4870
2932	2067	4546	860	2718	9087	3658	3872	1765	7283	9375	4651	7015	8359	2535	9989
8885	2840	603	4657	6142	5077	4600	4991	7631	5608	3515	7503	4364	2912	8312	2784
8941	9026	4250	6656	8985	3897	7492	117	2290	3579	3208	1321	7620	4262	1182	271
5144	2641	5138	1369	3013	1686	3758	6012	5100	1587	6782	3734	176	9494	8557	4568
6625	8541	2597	7286	3520	7022	3508	349	2264	7998	6793	404	4500	4956	3957	471
1796	5221	1518	266	3355	5377	1292	3643	2969	1428	9414	6525	773	3964	7289	9621
801	7709	7531	204	2986	8048	742	8446	2669	9001	6850	7478	9808	7020	8965	7904
3800	8499	6938	9607	4775	7854	9268	7550	6612	5447	3075	9189	7116	5038	1580	2290
4474	8895	4522	850	2433	4580	585	835	6316	3705	2463	4212	5714	2135	1852	1991
8199	408	8354	5756	7797	5716	4871	1333	6713	9359	8239	2163	7979	7437	4416	5709
402	9457	6052	9759	5512	4258	7917	644	4379	998	7858	5973	42	92	241	8073
2521	6465	8718	1586	2957	7464	4668	1891	8931	4229	1379	909	9015	2127	6928	683
8039	5251	1553	5364	4385	7800	8064	4210	8280	9612	7385	1490	3588	5758	5919	2720
7406	6452	2160	35	6121	966	8590	4812	5186	911	4710	1914	9469	563	408	9974
7309	8280	1271	2798	5632	8588	6072	5196	6828	3460	4230	8243	7883	697	3606	4574
7375	4825	5321	7188	580	7740	340	9474	7513	6759	7901	5867	1117	2658	7623	6559
2693	660	5274	3562	6169	4506	7410	2158	4066	1264	220	6641	4732	9625	6004	5168
2616	3874	4582	8413	9054	5218	9861	8947	9371	6293	5822	7739	8193	8762	5564	4505
6701	2406	4688	8360	4623	7812	5239	9909	9983	4752	9261	10	616	1058	6354	8692
9149	6251	1222	9969	568	2278	7970	1168	7093	6019	69	9450	4816	430	5254	6116
7477	9895	1491	8298	6742	6214	6599	5076	9747	8539	7678	9150	4955	1109	1616	1235
1548	8351	9981	9286	9761	7296	7284	6484	7665	3270	5457	6420	7575	9631	1133	7566
2566	8321	9262	3873	2316	2390	5912	627	5298	8139	3856	1920	864	1393	3976	5538
7610	3056	4638	9646	8843	5335	2534	9474	2659	4755	3914	8683	2876	5574	2105	3640
3902	9425	6302	1879	5127	1497	5578	9643	5097	7174	1387	6889	3432	3403	6799	7498
7664	9101	1629	5612	2468	5416	4684	1986	543	9950	9775	9410	3900	6696	1181	262
8837	2643	9157	4850	708	4412	3383	2413	1301	8768	4232	595	4271	320	8520	741
9151	118	5850	599	4567	5742	8901	461	7675	888	5871	4167	4077	1175	6431	5465
1706	6944	4184	1536	3849	7508	7179	9226	7481	5045	4835	7871	8167	2502	68	2059
4980	5476	9033	5424	5281	9928	6525	6448	9242	1278	6888	5552	7755	1500	1149	3997
2163	4584	4906	6489	9434	1151	5998	2056	4973	2652	7069	2633	4893	6416	3009	4125
2849	460	6473	9526	6454	8687	3006	7700	3096	2791	2134	416	6255	1575	3816	4966
7614	6311	3646	9119	3630	7893	4658	6957	491	3057	5891	8046	7184	2926	2031	3789
2580	1397	6530	1713	5474	668	2191	6006	9749	5043	3263	4559	8748	6149	3385	9934
9496	2602	9873	481	234	4598	5137	4543	4487	7336	7130	4700	845	6969	1522	9831
948	7567	9018	6197	5649	5850	3873	408	4652	6048	8232	4822	8998	1215	2895	4457
8207	6126	5870	4958	4736	6047	7293	5437	4371	6125	6245	3360	8044	1586	8418	6343
2684	1257	5537	1761	2271	4723	1941	7488	8094	2142	9391	2316	8940	2654	5992	7731
3052	2141	6054	5290	4169	3332	2837	469	3236	2900	7218	7689	8254	4863	20	6837
8444	7111	7104	642	6630	4884	7419	1846	1866	6020	2373	1539	9994	7741	6886	4586
6466	4459	6982	4215	5431	6665	7905	8448	9988	3323	8007	7226	8631	5762	8536	183
4598	9056	6030	3226	812	8237	9156	340	2484	5746	6957	3268	5698	2683	2583	3787
1466	2039	9972	5392	9661	6706	450	688	9257	707	6324	7963	7725	4293	1476	2382
5770	9011	3649	1801	7189	1210	9457	4615	5691	1866	8	340	5415	3626	8229	7801
8666	871	6196	6538	22	2145	5634	9566	9648	7039	6007	5562	7413	2178	7731	1058
5238	8462	2819	4882	2913	6686	4108	4650	2979	7150	2361	3510	4663	4383	232	5556
7260	2693	3205	2146	8703	8760	9853	5381	5056	5811	592	1724	9461	8668	8285	9389
6796	343	6189	167	1959	7552	6374	822	1313	7162	3932	2390	3213	2102	4459	7696
2981	9716	4292	6352	336	2758	9273	662	4228	5066	955	5787	8195	5188	143	1885
8857	2436	9662	2700	2506	5946	7253	1876	1775	4204	8608	4661	8239	6185	3149	4174
1624	8451	2344	2785	9451	9000	8843	5485	9779	7406	6936	3894	2940	6533	905	7588
3840	5654	1828	8024	1216	3676	58	2859	6320	422	8941	7026	9338	5804	2853	4119
4143	7755	4080	7545	2030	1245	4207	5943	1018	723	4341	8048	1142	6123	3909	8362
6663	5948	4472	1526	9798	2556	4837	1403	5111	2694	2738	9497	6809	9537	75	636
5027	2392	2798	3052	9237	4850	58	9761	1129	1718	5629	317	6550	6723	4574	6370
3920	8634	7285	5492	2113	4425	5480	5495	8876	4083	1541	108	1264	8162	7673	3329
9297	1122	5439	8728	9048	6784	5723	2854	9672	4987	9692	5596	1600	9559	4708	2250
3394	6038	8581	7074	6979	5227	7932	6778	2849	2356	1227	5730	4865	1790	262	8211
7979	784	3354	8827	5337	5291	1703	3770	8188	8117	6141	1272	8964	319	7782	1474
7615	3330	5379	8315	9314	9850	8253	6201	4720	5546	4761	7184	4778	29	1903	2598
4356	1223	8027	7059	1711	5354	9333	7339	7913	9894	5370	8935	1668	2210	626	338
6581	8556	4561	7825	4066	5937	3014	9698	8655	2668	185	3130	934	4716	9019	1799
5877	2624	2473	1145	3017	5111	4899	7378	7722	6308	9344	3259	306	7372	1953	4093
6799	6733	1473	9039	1177	8955	2150	1488	6305	33	4006	1639	2390	8124	5585	9138
8909	3750	4091	7665	2278	4874	4325	6069	6087	1430	8482	5933	4854	5511	2658	5350
3901	4769	7682	6721	4266	8075	3147	4793	2560	4644	2334	3244	8979	6462	9011	9084
889	7066	6962	4937	36	6025	9848	681	1639	3861	8965	8652	6560	4427	5127	2139
7506	7579	1638	7012	3019	8429	3847	1160	8470	2019	2258	9874	7888	5664	3592	1648
1753	5273	6533	1700	8069	1582	2900	2549	9736	5650	7342	2921	9952	7433	4057	1996
2581	4378	4111	3602	2725	5392	7546	4310	7478	4007	4426	4250	2554	8579	1854	9865
7096	6963	7692	6906	5302	4783	4579	3281	3582	1523	6669	6136	1247	5423	6555	953
2055	977	236	1667	4244	9552	6368	6358	7856	4525	7712	1403	6065	8388	2719	1513
9497	8373	6005	8825	7144	6795	6386	6828	4382	1239	7957	8087	6685	4920	3574	3060
2851	8097	5330	3708	2740	5986	3733	8710	2077	2776	432	8708	4359	9640	4101	2090
1453	1270	7425	1670	4298	7146	1323	8607	6320	160	1731	7509	7273	8470	3707	6144
9754	1716	9682	2689	6402	4409	1607	301	2380	5629	5158	7487	681	9547	3972	8704
8165	4323	7953	9845	6385	4725	3452	5221	7451	9731	902	3916	7953	7786	2148	8304
2589	6969	9919	9454	9776	9343	1287	2511	7301	4902	7707	5294	3985	7874	476	9790
6659	915	6508	2983	1753	5479	9647	7673	2825	3497	5010	3947	4800	9777	5342	2271
1954	3762	5587	1197	2616	204	4705	302	7220	8224	6749	5533	3157	4008	7530	6933
226	1355	2606	4906	6034	6831	9623	1794	2237	772	3520	353	1661	1333	2671	4124
1089	6074	4423	96	9201	5703	8501	8073	7497	7719	88	5714	1646	6813	4111	5220
7080	2613	2797	3480	267	6462	3741	2548	4678	8344	7940	6962	7004	6984	1179	3009
3274	235	5320	1413	8340	7806	1375	3785	236	1249	9560	2459	3066	34	5415	8453
8076	7945	2048	1493	1983	3452	309	5212	1215	3643	7625	5432	5885	82	8931	3653
3672	4120	6476	7876	4319	3982	457	2930	7275	956	1964	2750	4969	3191	6504	8018
6279	4800	5766	3122	289	180	3290	4974	3844	4022	7544	9463	9866	6221	2924	1165
110	2050	6521	4138	9880	5229	3434	6528	4818	1490	450	280	9886	4226	500	1544
2310	645	5554	1787	5195	533	9813	4573	3503	6670	2887	6090	5665	5245	8626	1864
5288	4541	2969	7441	4455	8542	3250	5807	4781	4208	4690	9896	6464	883	8990	2110
1728	9096	4338	2688	312	606	3111	3816	8064	6790	9279	8391	3692	8583	3226	198
7439	6470	5686	3881	6901	3342	3193	2671	7690	6715	2324	3084	5054	4576	7186	7938
7864	7527	8054	5263	1432	7430	4809	1125	3493	8886	9703	5327	3655	7904	1908	6462
8623	3966	2633	4882	8584	674	5626	8360	1958	1270	777	4192	8800	7795	5512	5480
3019	7567	6936	2917	2963	3517	3233	5861	5334	7235	8995	2810	7439	5107	5959	5326
2548	5008	9935	1693	7764	244	4683	626	3667	1895	2769	2530	1693	7053	4268	6549
3786	2982	8280	1199	7204	1386	762	710	9841	681	188	7474	4341	1718	4884	8904
7096	528	6483	838	9225	3647	5925	1756	6908	6123	7369	6373	9772	9718	4503	1873
2416	4345	5640	415	1308	7222	5783	2422	3327	9804	3137	5459	6369	8369	1114	5509
9865	1648	4028	9948	2270	7026	4328	1201	1046	8342	5296	4239	2771	306	9841	7708
518	5715	1439	5399	1360	852	5535	1285	8174	9748	2069	3517	8479	6460	8375	3348
8088	304	2357	2177	1311	3047	873	7097	5434	350	926	6567	5412	2338	6404	6709
5738	176	2198	8048	3247	3773	4222	4506	9318	955	5963	1489	2190	3175	5350	7788
5668	1718	7301	2279	9008	3112	5785	9075	3077	7000	8533	4042	180	5354	692	293
6417	5675	5283	2590	5563	8908	7219	7618	466	4368	8614	117	6685	4518	2153	1042
9025	8855	9603	3745	6312	1495	7539	42	4732	7781	5508	6768	6324	4245	5614	3589
3932	7550	3850	8549	4166	7735	4215	8420	9468	5898	8292	9626	9821	7656	226	8357
1217	9144	7264	5793	6353	1632	9892	4161	4556	5288	4525	7516	9170	1937	7834	1377
3423	3462	5033	7196	1550	644	4221	3588	4996	192	7225	4695	7677	8597	6739	9127
4626	6299	1642	6485	8041	7038	2089	2688	1015	9027	9203	1030	9359	9102	3298	5268
8064	4458	7769	6454	1547	8489	6324	2323	5504	1842	3592	8485	4738	249	3730	1353
5614	8283	3162	1713	6452	1742	9746	6588	8438	8856	4618	704	6989	8916	1908	2022
6670	9016	405	2705	7487	5144	5636	2649	4229	9588	888	5525	4318	7659	2228	9497
645	5070	8927	9655	567	2182	595	5024	8925	1749	1345	7070	2737	2316	3190	5643
1806	7141	9437	2953	660	934	4589	2579	3246	2845	9602	189	9918	2906	7813	235
4542	8105	5669	5794	1748	2612	2980	1639	8995	4241	4433	7338	1880	1857	3678	5221
3239	1194	9566	538	7455	6089	9819	8109	2672	6788	9816	2533	543	6858	9497	5537
3847	9109	1259	7759	1823	1334	1910	1697	3026	2575	5378	3749	1311	5250	3402	4184
8670	4557	7513	3402	3658	8261	658	4018	9631	4758	8623	6161	6220	7526	4647	5015
4760	9111	4627	7779	1731	4350	3482	6187	1355	9774	5796	1404	252	8118	9994	4639
4733	7165	3286	123	1638	7004	6077	7882	9312	3372	213	7395	1136	7990	3587	843
5154	8478	9522	3148	960	3418	5827	1759	866	8720	529	9952	6960	4845	9897	9321
5038	2160	422	9864	5804	3527	8086	624	4207	317	9662	3660	9895	6103	238	8508
8899	7105	2443	94	2863	2638	9754	9331	5653	2412	5265	412	8955	8379	5528	3284
8517	4517	7661	2372	5873	6533	1389	4025	5926	1906	1618	618	9624	5875	3341	8689
7171	713	2760	8939	704	5158	5700	631	7395	1180	4670	3470	5754	6008	1134	2829
2085	1899	5817	7625	6436	7291	1161	5663	5448	2998	9970	9143	9944	4747	6629	7624
4732	6637	4622	2114	2681	5304	4567	4877	2054	2543	8869	7249	250	7158	913	4727
8306	5543	9985	8234	9322	7160	7157	9390	2808	9035	8124	2006	8136	2406	7835	9978
1648	7648	1502	6872	6905	7350	373	3033	4798	3578	1554	5850	3451	3948	2671	7382
75	4291	799	5627	328	1221	9983	5347	4413	1222	2935	1381	450	9764	6063	7174
8076	8378	5785	5068	5081	2714	7358	4457	6955	3195	709	5756	3419	8917	2329	6783
8657	296	8876	3313	8370	7014	826	2619	4873	8009	4550	4933	1166	3329	3202	7796
4790	9626	5503	9909	9897	2788	2348	8293	3056	9487	8465	915	9702	2089	1967	4624
8262	353	9083	9089	1258	2729	8714	6890	447	5138	1490	8221	1897	6825	5767	6092
6363	6302	5597	1408	1295	5759	7340	4492	8194	1590	760	2398	5220	1319	6854	7159
5432	7530	5196	7026	7441	7793	830	9175	1056	126	1835	848	286	1879	2937	5897
8529	4153	3477	4294	4577	3970	8536	6614	3845	5743	122	9307	7836	5395	4156	6607
7766	3583	3818	2875	1593	9375	961	5941	4755	4777	2203	6996	8121	5933	6733	4498
9471	1210	8026	4479	5792	6131	8633	2352	4627	4099	2223	6209	2022	2966	765	6988
7545	9289	7272	6833	3636	434	8316	5395	3261	543	4653	6090	1741	8956	503	2448
9873	9033	9956	2995	887	1317	9520	2020	9478	3862	1035	338	5608	8677	1451	9678
1780	2020	4594	6470	7515	6571	5187	5464	5711	3860	7998	2213	9323	7463	4309	9007
69	6442	4370	1045	6898	8928	3259	9301	3370	6349	3676	8575	1946	1681	4045	668
1345	4350	6167	1677	4001	2716	1491	5336	9113	6922	7234	7634	8402	1552	8612	3664
4066	2952	6783	9136	9349	1075	7221	3111	4666	4556	901	2832	1130	7919	1171	2396
394	4445	2648	8974	1727	3164	735	2878	6033	2753	6663	2690	4150	2892	5001	1615
9983	5476	1758	1531	8999	7776	4265	4597	9034	4878	7665	700	7014	5645	308	2303
6101	8981	2013	6116	255	7766	1159	9913	8304	9519	933	1829	1456	419	2480	1672
6364	189	9763	7879	5612	1213	9849	2172	8425	1575	2558	443	7920	8243	9690	2085
5680	5706	3843	97	5838	1656	2556	3134	2153	9669	1427	3261	9274	5024	775	4903
4845	1652	2240	9565	5775	3234	7415	6135	7789	2126	5088	3396	2534	2254	1054	2072
6341	556	5617	249	7556	4768	276	9511	8834	5554	5692	5637	7974	2536	9542	4128
3536	685	3606	1254	3009	5657	4546	2189	4681	4393	8747	3705	896	5989	7137	5043
2651	6627	8801	8527	6071	7741	9135	4627	6011	4072	8079	988	3783	8661	9523	6399
6885	3929	2344	6720	3213	7480	8822	647	6129	9371	822	877	4916	1482	8922	9488
9397	9987	1143	1108	1605	6195	9334	7155	2914	2494	5405	3374	6129	3688	9181	6898
128	2836	3289	3932	5660	9794	6216	3626	3435	8939	4586	7570	8118	3145	1702	9850
4299	9340	633	2092	6237	1809	3794	1768	7429	8466	5250	7188	8294	5399	2754	8233
3877	1834	9251	5026	8586	3705	8722	5260	2220	5031	2916	3016	7233	8187	3285	1929
156	6067	4347	9119	8029	6531	3176	8882	7354	1570	1944	4535	782	9721	2181	4843
2411	6456	8224	681	9407	958	1281	3491	355	8327	4134	8186	8465	6436	8247	614
4331	2646	6818	5584	1296	4787	7230	789	7876	9165	1006	761	6096	2339	4746	878
2720	492	142	5680	552	6690	3935	9195	1851	3099	6049	3849	1804	9381	4218	9185
559	8288	224	8503	5667	1583	356	6239	25	6318	3778	4526	3461	5400	6006	6964
787	4204	4010	2530	7094	3201	1185	6303	9363	9454	9432	6935	4046	305	3930	1652
5636	4773	396	916	1496	618	3116	1680	194	4831	6940	6143	2520	5581	3197	8281
4559	9626	8713	1071	6531	5024	1930	8114	9368	8280	4633	7986	3726	1886	350	3555
785	5906	8279	8730	7389	6679	5670	3558	6680	63	609	5009	2417	7428	992	8139
4768	6923	7083	2853	5132	5898	6617	6781	2065	4252	3459	6671	4591	5966	1450	5599
6395	7083	7294	9654	6611	2075	4604	484	2984	3868	3871	2627	520	1238	5547	5403
2314	8235	2831	8022	7460	9482	3578	421	142	1147	7611	2204	4276	9477	6648	9178
3387	4322	7643	8733	3854	9539	3910	6919	5371	6258	9068	3354	7645	7848	9842	1899
8589	8582	897	3113	6361	6131	180	1091	2484	9455	3488	971	6535	7833	4422	2741
2637	1102	7239	4126	4121	9998	9937	9580	3008	2134	3377	8114	8650	9077	6833	3041
7128	1552	8053	1601	7147	7553	3927	7040	8806	1865	399	878	7513	3051	1845	5475
7710	2070	1848	3157	2378	7286	2959	6235	4378	3948	6455	8852	2110	4833	8681	9347
7546	6516	8924	9928	3049	7848	3540	8889	1850	7245	9473	299	3975	7391	8141	2929
6860	1884	4316	9739	4052	3314	72	109	8339	8923	493	5037	8692	7315	5751	3945
5407	9496	8125	5247	2527	5704	6028	7542	1705	9081	2411	7501	2978	4535	9426	2402
7189	7243	6918	3206	3413	7494	1469	4652	7931	8307	5548	9253	5718	2304	8762	276
4214	1550	8799	8322	7206	7579	2292	8941	6561	4123	2702	3145	7560	2609	4113	2391
2681	7680	597	1005	5697	7929	792	820	7958	8691	1336	3241	4955	6026	6667	5805
9533	4458	4960	2359	3508	5013	6233	5668	5088	687	5899	867	1025	9653	8540	7548
5148	7444	4582	1432	1792	4550	1527	7365	3584	4681	4473	723	5765	8835	3124	8996
5742	9368	9977	1729	3496	774	9881	4152	5230	2425	8767	7260	3943	5511	4907	1100
1343	3920	9320	1784	760	5469	5576	945	4588	2634	1322	4828	9773	6772	5051	4081
6982	7515	7098	5516	293	8748	7021	7309	469	3833	8058	5053	840	1191	2184	2729
9073	7724	3214	513	5781	7781	6614	4143	8855	6717	2226	4645	9954	3256	405	6913
1013	5998	7756	9416	4740	7873	4758	9255	4314	1882	4797	3087	6177	5253	7492	7238
8326	322	7422	8694	391	7105	1729	3517	3639	1557	5163	3367	2679	2877	8270	7166
2624	6113	1522	7128	6759	3931	9970	3060	5384	7454	9539	7957	4911	4748	4875	1345
2647	1762	9216	2649	4650	4962	4020	5392	8278	4894	7993	4964	6632	3202	5951	4018
712	1810	7079	7734	5408	2623	131	4437	6095	4331	1899	9	3483	9503	7920	9426
8779	7348	3940	4580	9904	2618	825	7774	7033	2063	98	196	4845	1399	2538	3905
5434	4291	7914	9137	6327	755	1046	3267	7013	312	9948	1024	8396	872	7795	6890
985	5084	7342	1698	7995	641	6357	527	7691	6859	5883	2660	7723	9302	3179	1325
914	5854	1233	7224	5152	551	523	8665	1698	4226	8035	2106	2005	2083	5738	9306
4107	9460	6671	9841	294	1987	7470	1569	1943	707	6202	1261	1677	7546	7910	1687
9219	5019	3338	2292	1820	8045	5947	9530	6593	3505	8124	1204	1591	390	7244	6727
9858	6134	7556	8955	8537	7469	795	9454	6868	389	5279	7767	9029	5022	1778	7692
3431	2555	8988	4192	5334	5841	3649	7286	7795	7707	7840	7540	2392	423	1572	8309
35	1514	9771	9336	9706	2863	2154	2123	3400	1383	9608	2640	9387	1156	7392	2331
949	3062	2325	4307	651	9552	4980	834	9170	7473	3891	749	5740	6326	3692	6461
5439	8710	6878	3374	7801	1592	3221	2799	6719	4537	3670	7458	892	8467	9169	2122
69	3261	6150	2700	9029	9562	319	3556	3853	6572	5911	4353	1801	4726	2490	6026
2033	6267	2949	9302	5051	8001	9451	8461	8995	7117	2763	2485	6648	9230	7814	923
3781	453	4112	2198	2552	8976	9137	4781	7501	7046	2563	5962	8508	1637	3222	4307
1119	2785	1234	9735	5296	2360	4513	1094	377	6244	4572	2412	8826	6021	643	9701
4047	6773	9214	5213	6637	6040	6684	6176	1821	3117	5695	3890	3722	2983	2487	9369
4072	1573	9216	8925	2672	8605	6955	1743	1382	190	2615	1746	6308	1504	2173	659
7671	6660	1467	9762	4759	6169	5	2737	8702	5753	7583	1754	2	4794	82	1497
8183	8181	5469	8165	9460	3381	160	2645	6830	1213	2247	1374	9099	3848	9361	3310
8225	5020	852	8020	1789	8886	4274	2609	2584	5129	4826	9516	2938	2706	3917	8590
3010	227	1061	7287	873	1134	8223	369	9891	9463	462	2466	3404	5406	1854	268
6611	6673	368	1148	6853	5035	1931	8429	6429	6097	5291	6102	8334	5311	9307	9311
1247	4803	8894	6879	7787	2097	2027	3640	4445	2314	8457	4840	1422	6994	2383	5925
6570	9988	7424	433	206	9405	4317	5610	3480	8914	2843	2122	190	5072	383	6252
9013	5308	1713	290	3431	4951	262	9567	1423	3356	9946	2285	1350	4704	3753	4937
6876	4555	4238	9274	6560	7473	4357	3262	9	6977	6215	2650	1894	4175	7930	7133
6771	3747	5706	1601	5060	6157	4611	7475	5110	1977	9780	2437	8909	7922	2064	689
7599	872	7259	7039	9395	5729	607	921	2913	8203	1934	4486	2558	3221	6034	9114
555	4888	7110	7880	7256	61	2572	7579	1984	3096	6428	2030	4352	771	3874	9186
8297	431	978	5895	7125	910	1687	8351	8702	1577	5253	6506	7810	2976	5970	4359
3188	3242	1896	8530	6790	7765	5858	5207	7765	4141	9040	6889	141	8767	9741	1934
7846	7050	3755	5765	4923	6470	6158	9407	4172	6213	8639	1520	9426	1424	8513	3014
628	6413	6429	5213	3052	2428	8539	3167	14	23	1137	7366	3678	2205	5512	1105
2307	1506	3436	5040	3572	8263	1198	4199	2310	7911	9559	5697	1269	5334	3980	579
5074	2799	1795	6415	5795	3985	8492	4496	8398	2629	166	7485	8439	3852	4338	7236
9882	1868	1313	526	7573	3595	3618	3577	923	2190	9224	3430	5787	3917	9693	4674
7918	9135	1050	2662	4054	5161	7211	199	6453	107	6566	9115	955	6779	3040	6776
7596	5504	7021	4860	9341	2901	8071	8741	1706	369	1540	8208	7047	8563	1092	2627
9059	2798	5232	1206	4226	5131	9732	5184	6364	1737	9657	2009	3007	5078	8153	7360
6252	5077	4347	4042	5056	9243	8390	6299	2708	9137	5165	6442	1105	5305	4636	5159
7980	1088	7473	2226	5249	8533	4057	4433	1633	4523	8565	7005	9045	5583	54	9505
2281	2894	2392	9356	3246	24	7717	7079	9535	7870	7682	7674	3341	2294	1045	394
9609	6575	1087	1577	9197	7208	7064	8527	5834	5757	7837	7078	1425	8364	8855	8693
257	1788	9741	6025	809	5060	9955	613	6531	2625	1851	2643	6384	4903	130	1474
1219	3659	8476	6547	6035	4467	4590	2799	7591	5700	707	4693	7231	9098	1175	4189
4579	9507	8671	9913	6053	3380	9758	9697	9522	6574	8708	6741	3169	9083	3778	7388
3038	8234	8096	1216	9039	2853	9580	9621	8789	5335	593	2440	478	425	3646	8629
1608	1716	7148	1691	3137	7874	8508	5598	8080	8998	6806	3403	9994	5029	7239	6441
5005	3837	613	8227	3415	9554	1475	236	6463	4371	2984	4815	9839	5997	6280	2853
4660	8947	3049	1291	3118	8182	7916	9409	3375	8404	9146	5595	6578	3359	2858	2944
8820	7669	5542	456	4027	5554	1841	7103	5269	2297	8286	4543	5034	507	6467	3021
824	6452	4736	6488	272	3991	3891	8629	1954	7803	5399	8768	2222	2498	7475	6833
228	3892	1799	2339	5960	1007	6686	9658	517	2539	9804	5756	7662	8126	201	593
2381	9343	9602	5567	3345	1485	8247	6827	8547	5632	1397	7444	4921	5370	3600	2794
8428	2029	5679	2122	6152	8344	4088	7975	4832	2298	1937	3606	4650	1843	8699	3102
62	8364	4943	6851	2915	9783	9273	3181	6837	9056	3154	6761	5373	4423	8999	5578
3272	9652	5994	6223	952	4082	369	7727	7896	2895	1862	9920	9991	3542	5632	7057
6055	6180	6958	1849	3805	8669	6195	9530	9350	3966	6349	9403	2359	5029	6134	5239
6436	8739	6383	6063	7678	1285	382	2422	9660	3349	8046	7213	6912	9820	6050	5502
3738	1646	2309	9930	445	9109	7171	6195	5394	9186	755	371	9482	7192	6484	2147
7130	9710	321	8375	6428	924	5314	5284	8774	8148	8311	801	9255	628	5477	380
1801	6747	4681	4578	1568	2409	9484	9019	8970	2582	4715	8535	3249	1328	1181	6868
7979	2308	7567	2072	2530	6889	1327	1055	8257	8355	6138	6546	1817	9911	960	3223
4930	2389	3145	7141	8483	3950	3299	1760	1598	6829	3839	2236	3427	2545	4195	7445
2381	9458	8106	4515	9325	917	7331	4604	6391	1924	9533	8982	4010	9222	6790	3211
4388	2097	9084	9552	3161	7442	9386	394	3252	1636	7470	3123	4599	4705	3627	5580
4840	8517	6802	2132	393	4542	7272	2279	5722	3757	8980	7661	5381	3329	207	6110
4592	7238	909	2333	146	1551	9086	8115	1789	8730	6339	2413	6560	4421	3343	2024
6258	9689	1866	9771	9926	1640	3906	3485	2132	8488	8909	2734	3700	2454	9727	5839
7015	7888	3436	5364	1826	3659	5938	3785	5162	94	5505	4032	7057	7155	2817	7687
964	1457	8173	6249	9488	6478	4187	1260	9294	2648	6432	1896	2241	5289	5353	4162
7954	4520	4158	6013	854	7268	949	173	6473	9875	4902	4339	2462	3927	4526	2303
4108	6851	7683	4662	7617	890	9396	6760	4706	1926	6320	511	1135	4011	4843	4886
2553	1728	2629	1227	8549	5188	1733	8724	5661	5495	1676	3894	6	3647	8680	7853
2082	1373	4920	6763	73	5523	7806	6770	2577	4137	1436	779	4201	4633	3758	8035
8325	2764	8402	8731	5180	4628	5808	8094	6285	8158	1161	3585	6809	8496	8746	5622
7920	5185	4677	2581	4715	726	737	6976	3661	1016	1461	2931	6063	4160	8241	7573
965	3387	6086	1501	8602	3176	21	2337	7306	9457	4286	7047	3538	4923	8555	1889
5198	6399	6731	6898	2101	6617	1737	7596	4780	9730	3837	2768	4611	9831	7767	1065
4613	5817	8529	5416	9806	4122	3089	316	6035	5824	4886	551	415	5928	7578	6196
4729	2429	1039	2189	6237	7660	7070	3789	9229	9321	638	1169	3982	32	4683	3438
4087	7174	4366	8789	2592	7290	5789	3766	5085	3627	9674	2197	2255	6794	3862	5375
8481	2078	964	3011	4045	1494	3015	6168	6499	2124	9954	6419	4623	5904	6092	1676
2553	4051	905	6311	605	4430	8860	1508	3118	2649	2433	1621	4747	1802	2428	9944
1752	929	1016	9908	4652	9921	3229	4704	359	2208	1999	3635	535	928	9623	7657
7100	5926	4459	2149	4774	8714	3713	6352	2844	7962	7247	7468	2796	1838	7549	3439
746	4257	4986	893	3554	7972	3991	7735	1932	2294	8091	8926	94	9567	1373	9801
2165	7135	9714	7245	1476	6374	4875	8167	9178	5683	4628	7250	5897	3151	6368	4013
8511	2736	156	9435	1112	8024	5905	3864	3173	8981	675	9180	4039	5739	5598	2639
4178	3986	6493	181	8684	8024	8236	2629	900	7234	3847	1097	3605	9306	24	5984
4722	6558	9100	736	2814	514	617	5770	3831	2753	2211	8451	3945	4851	2217	2404
2636	5532	2478	2869	6181	1069	2409	127	1704	502	7808	5966	5701	4361	8226	8860
7768	4945	887	4809	8501	6248	6826	7050	3537	6770	5348	5924	188	5724	5190	1775
792	6819	1467	4303	4018	7459	8767	2082	5757	1014	8790	7928	4687	4162	9579	2240
7714	2052	3612	2753	3586	4525	5393	5841	4177	70	4056	9824	9710	9653	8038	4496
1788	6570	2234	4208	7088	3930	8463	5235	7353	5158	7882	6865	7451	8691	8547	3458
9724	5078	6116	9039	9995	8561	8374	6061	1268	9160	3968	4942	1750	4602	1696	8794
9317	9122	1835	8259	1168	93	4115	9396	6415	7638	145	9649	4833	2499	7982	9053
599	6368	6388	2316	9883	6396	9124	9433	3433	5184	7703	322	9783	9639	2944	3786
8262	3269	1002	9192	1710	114	5575	7982	264	550	5499	3666	1694	9550	3024	435
8798	2675	3470	6143	2339	6214	4984	1193	469	5695	2029	7148	1749	4533	793	5398
2169	9218	4563	3673	990	4970	2011	4139	8470	7759	9380	9294	1382	1536	3272	4092
7145	2557	1751	1988	192	1793	2193	5651	2301	3318	675	6188	3933	217	8508	862
4827	1213	4570	8357	3622	8174	380	3116	5432	7053	4972	6551	2897	1552	2178	8933
7912	5738	4493	3320	5713	246	9153	153	8367	3915	5878	8046	3969	6575	9256	9489
255	3889	783	7608	9045	276	2004	7089	5611	4665	1889	2740	6915	3325	2511	724
4583	3964	8607	8648	3807	3335	4840	2427	4375	7979	4369	5208	9826	9885	6741	562
1856	5518	4082	3750	3929	9866	6112	4226	6766	4802	4356	8678	1097	3438	5047	6091
5493	9915	2298	9127	5386	9119	5967	3714	2715	9588	7352	4266	857	3184	1040	5830
581	9083	1226	763	696	7542	1138	3393	7419	8407	4257	4653	793	5806	6432	5948
293	2683	6842	6394	5679	493	3914	1347	1175	1242	5393	4739	8899	1202	9479	7697
5219	3512	8475	459	1734	809	7208	8473	8176	7860	1841	6785	808	2199	553	822
3619	7085	4730	8505	5036	3928	2644	6642	9942	7412	9107	6699	2026	5325	8488	4952
7227	1176	2324	5789	9966	1948	1766	6960	2231	7649	6457	4185	8989	2344	3377	6883
648	3881	5044	6838	1169	8221	9411	681	4839	7399	7280	3337	6638	4800	3427	1014
2482	6918	8731	5321	7458	7908	4683	4786	4067	2812	3523	8646	5769	5281	991	126
9672	3647	7030	2192	7232	4144	5676	141	7199	1829	35	5323	6577	4816	4062	4277
6112	2820	1103	486	5480	5634	7646	3934	493	9610	8244	4632	3542	7149	2287	8251
8548	3219	4754	6843	4562	5452	8787	823	6767	360	9618	3674	4359	6788	8930	6383
185	5560	2700	7908	246	3285	5830	91	7661	4662	7121	5769	4109	9383	9722	5915
2084	8308	9212	294	5552	1693	1042	2082	3859	614	1473	675	5491	2201	2525	9824
9390	1050	6050	3348	4169	7198	9967	4313	3772	6248	2721	9941	8451	3332	2555	6477
4119	71	5877	2193	490	295	4194	5155	811	2119	6207	8302	8403	8914	4818	2117
6369	3224	8219	5010	4696	8885	1023	1158	3012	2945	8294	4286	3496	1749	5321	6210
4435	5776	524	8497	4310	8057	1878	7010	9201	7969	2490	1356	9184	3325	5088	9921
4625	3695	1694	4674	6787	996	5574	521	1887	8562	165	5534	1428	8726	3528	945
746	8918	922	3241	9152	5256	6833	8393	3259	162	4090	3011	5975	2432	2778	4947
2219	3290	2163	491	3101	7997	6887	9096	9850	1764	649	3645	6832	441	8482	2337
1961	8644	4803	4606	3589	1143	661	2290	5908	2061	5969	2256	9350	4961	3006	6236
4363	4750	8345	9064	9210	8509	913	4974	928	1573	5015	2838	5986	1751	8590	5768
2339	393	6957	9731	5998	2299	538	3291	4756	7999	7815	4074	1630	8043	9579	3081
4368	5710	7485	8184	7062	3240	8380	8947	9479	5701	9127	1193	859	7629	400	50
5591	1033	7458	1941	5553	1476	4117	8165	4041	3885	2345	3327	3181	4420	6258	171
9728	9638	7242	6356	9579	385	3042	4011	4112	644	5144	3475	2031	8110	1992	6549
8304	9709	1377	6638	4454	6209	1891	2775	6582	8081	5585	6054	1327	5753	4018	3332
218	6020	3713	3958	3371	9518	6311	2454	2556	4305	1778	2151	3395	4938	4457	3652
1496	2106	4265	3811	5798	5007	566	6502	1537	2892	6192	5320	4504	10	4622	8252
405	4889	3323	8123	6153	835	6734	9705	2993	9541	4556	8908	4777	8078	2632	2345
405	208	9341	1818	2412	3496	8517	1390	80	6006	6932	6620	4872	4795	6716	9375
4827	1513	2347	1059	7332	2753	4541	1621	8979	1436	591	3584	2385	5240	6780	9442
6802	3807	294	3694	9876	9906	6442	9527	2181	2414	6613	8040	7421	1262	9484	6717
4788	2970	2007	3007	1260	3248	448	8703	4032	467	5175	2184	6881	2951	6975	2895
1883	5192	2183	4649	4032	1212	5475	6728	1198	5184	8834	7823	7814	9182	2245	3371
1204	1776	9743	2239	5268	4023	453	2139	1769	867	3460	8527	9355	4802	6957	6476
3130	7680	3595	3002	7302	8051	8235	2560	5336	4833	8059	3419	385	5564	4892	3257
767	1134	3225	2371	6972	6353	907	208	5411	3435	9104	8678	3318	2855	4226	2844
2810	1370	2455	123	1377	3973	3921	3969	2097	5805	3482	9478	991	4375	9923	6379
7981	6009	9922	2570	4287	718	8825	7036	4261	9220	796	4576	6188	3260	3153	1692
1693	6522	2850	3793	1309	7714	4134	9279	3883	4757	3395	6137	6031	595	2600	5914
5201	3478	6589	7999	5124	3944	5424	5902	5980	4642	8032	9027	1322	981	3380	1735
3659	3488	8374	9297	3826	6576	8939	7219	7609	7465	1602	25	3741	8210	2095	2251
5665	9440	1311	378	1484	536	5401	9611	4092	6010	1080	1366	7813	5021	9145	5517
5438	6381	5797	648	98	6044	8805	4136	6229	5824	2912	1691	5519	7231	6084	4644
7126	1170	5696	8690	6223	3297	3264	4079	5780	542	1889	7365	7588	7016	9075	5770
5783	6967	7106	4857	8471	4858	4886	7949	115	8859	9289	9960	4448	5024	8207	5464
5885	6581	4171	3133	1804	6160	2384	1307	5181	3673	5008	299	5795	9224	7083	2846
9612	8122	4903	4002	9975	6976	9148	5419	1402	6177	4799	7233	8068	6673	9631	3948
6286	7359	2860	8938	4525	1111	2917	8097	1597	3910	4806	5062	1520	1835	183	491
6104	6066	6028	7690	9401	6170	6362	9330	1148	1798	51	9066	4607	6062	4819	4717
4956	7758	4872	726	3366	8819	2911	813	8807	519	93	3358	745	68	276	5186
7650	8341	6602	9571	4478	3810	3922	2525	1480	7296	8135	2096	1199	9373	2120	5464
2353	1218	1964	3225	1069	596	1936	1852	5169	4637	1273	5783	3192	7893	258	1567
2599	8912	2015	8200	2099	1738	2814	4536	909	7238	8975	148	2095	1345	8921	3610
6004	758	8713	7764	39	5667	1414	6797	1167	8542	1753	7682	8138	8886	8098	1600
1499	7464	7980	6739	2740	9276	8464	1754	362	1455	5522	4898	7444	6895	136	2583
4474	2889	7282	3703	2551	4404	7470	7564	7046	9122	6809	2718	4121	5522	1131	1267
3059	907	7454	4058	2729	2555	3268	2728	4359	9110	3905	1747	2001	1775	1144	8995
4173	4867	2691	1607	4240	7494	659	7335	5185	4371	9243	5756	3984	338	26	5096
9602	2053	6688	4802	6065	1182	9773	2248	2340	2879	1851	2402	4727	4990	4286	9919
9057	7666	5149	9282	6961	6347	9685	893	5707	7073	4360	9028	5225	850	5301	9923
9893	9232	53	1221	313	1691	3849	7586	3292	4908	3210	9582	3817	7532	8267	803
2684	3886	8797	8110	1263	1464	9517	2607	1973	4906	5766	7045	5488	4695	9199	4367
5405	9801	8923	6265	193	3008	4414	4125	6282	5582	149	3574	1791	5746	2850	8092
6583	3637	2538	4472	6097	7760	5064	4248	5122	8353	6559	6839	8036	3267	5344	7617
10001	361	7267	581	2968	6281	8391	3331	4888	8193	3268	9912	1383	4021	8245	8630
9859	2167	3539	9718	7199	6344	6231	2080	5359	3696	3416	8388	2500	2185	3307	1075
1314	4610	6388	8538	8714	7496	7628	487	7151	1236	5250	9048	9068	2953	402	9332
3991	7580	7686	1797	5977	9648	9274	2990	5253	3979	6757	7823	3074	81	5837	9142
7309	4175	1571	5843	11	7276	3348	1640	5178	615	3351	1432	5433	2236	5696	7455
197	5720	9844	8033	6273	6056	7637	7124	2723	8821	6752	5500	1721	5031	5662	3338
3870	6911	6204	1188	1771	3358	8862	4067	170	5779	8045	4683	499	6504	9481	1679
7886	6248	4598	9318	8325	6461	878	6722	896	8683	1434	3795	6070	7173	2088	8223
7018	9410	1628	3133	5599	322	7711	5471	7886	3288	6765	8142	1636	105	3641	6611
1950	7187	4159	7303	8191	903	5057	1610	8012	902	2257	1378	6599	4978	89	3602
5310	2513	9461	782	7145	4169	1813	2670	9344	4254	7756	1891	1377	2249	278	9028
1705	6207	4323	7006	644	9394	9672	6041	4712	2537	1683	8652	2508	8257	2375	6210
7011	1124	8679	2173	8079	6256	2063	3953	8085	232	3081	6898	6150	8632	2740	631
4966	1208	2755	8895	1657	3580	7348	5111	6532	7987	8973	9547	3043	1640	6325	1673
7189	1299	9449	1282	625	2288	6058	4103	3609	1355	4475	6262	190	7649	1304	3698
2390	6356	8417	8319	4793	7287	7231	4934	8675	7724	3397	4227	7458	2547	3763	6113
2908	8425	4682	3235	4277	5465	6916	6056	5025	7080	3210	7070	6040	7167	7769	7891
479	120	1765	2641	1780	7119	3479	2456	4101	5873	1873	8104	943	8100	9532	5313
4791	7292	8126	3672	8744	5814	219	6363	9543	7244	9585	5773	5575	9759	5270	1510
3389	7687	7372	6315	3872	2988	55	942	2406	8553	3773	4113	6379	9947	9179	4388
136	306	5918	5770	288	7462	9723	8374	6422	429	3570	8633	2490	8927	6295	5376
7864	9041	4611	7060	6091	1691	4822	780	3605	7772	6535	6581	1222	9596	8863	1891
6971	8607	6754	8102	6304	4519	5804	3185	6705	9453	5274	864	1593	7121	3246	3219
8513	9937	7947	8975	1510	704	1676	2463	290	953	7696	6812	3350	385	6573	1665
2742	2876	3696	2604	5573	9962	4238	391	3426	5026	2669	3893	8915	3378	958	7983
3197	3285	2937	789	1533	8578	9640	3716	4512	9478	8027	214	3135	8850	6601	456
8387	9405	9118	4359	7870	8798	3146	7629	2084	4857	3172	1070	438	9159	7009	8540
4563	3575	9125	9117	5197	6263	6294	6584	1170	7225	3154	8269	9104	4280	6747	3090
2913	2923	7963	2335	1584	664	8018	8497	495	6268	4160	5439	5041	365	7981	8627
9197	9263	4401	9781	353	1342	130	3873	4014	1007	101	3658	5722	8790	313	7506
6214	1245	3711	6388	7270	9874	1392	793	729	1501	4013	5150	3910	5687	7730	1483
9599	3788	4434	1759	568	6166	8380	7062	10	6227	2167	3460	2683	7928	5686	4821
7039	3074	3345	2186	8827	1197	1402	736	3401	658	6017	8385	569	1565	9984	6885
668	3188	6148	1009	6361	8562	2933	2823	6245	3684	5142	6607	1427	143	6202	8695
6909	8219	6994	2687	9665	8946	6975	4658	5114	6343	2993	6143	2503	8486	3367	3981
6625	1821	9794	1915	2403	3417	1479	7792	7130	2630	3444	8668	2454	8093	3719	590
6298	7010	2094	2408	794	3186	1461	4155	4858	4130	5466	6933	6110	4437	8916	3460
7410	1476	4105	8346	8574	6206	9401	9362	792	2573	9450	8656	8276	9578	1508	684
5363	7767	3682	1566	5364	7942	1653	4699	6737	6331	7468	145	4611	1764	1842	3555
8715	5300	1083	1583	5116	5459	499	9150	6313	8511	5969	170	6515	7858	8361	2110
3081	1816	6512	6788	2140	360	8235	9853	1575	8610	8540	1541	5197	8775	2655	6709
4197	6878	1157	4662	9309	3068	2783	2658	4613	6873	2822	4719	130	7673	5884	3872
5025	4058	9513	7339	3865	150	1770	5428	3817	7957	6668	5665	5070	7355	8851	242
4806	6620	8555	6173	5429	8676	7657	6745	9868	1791	7892	623	5528	9047	9047	3918
4787	2845	2996	3273	9581	716	522	7016	7378	1547	8345	8333	4029	3505	8799	2656
9569	4780	7648	6037	9620	4648	6166	6721	5236	7030	1005	7732	2236	9842	4312	1642
768	3296	7512	7334	6880	4202	1595	8340	457	1346	6750	3355	1726	1642	56	346
4924	3893	3429	4408	4122	9998	1201	9874	3562	6232	8761	5460	9226	5866	3322	9083
6645	5726	7838	6870	5070	3267	7591	5725	3612	3682	9247	6878	2701	2852	3456	3346
5651	62	1307	1627	2639	6746	6622	2565	9384	1897	4616	2311	6464	1789	4786	4045
1388	8463	6016	9513	4515	5327	7263	8539	4200	5656	1243	8218	925	1794	1038	3587
6619	7052	8904	9911	9572	1699	8759	1178	7908	6260	5775	6740	8028	5311	1501	3002
8613	2433	9706	661	828	7762	1958	2982	1269	9107	5302	1875	5970	6518	5137	5861
2589	3406	3568	2251	5084	4143	3866	6364	3498	1484	7475	8654	7275	9207	185	4303
5687	4373	3324	1351	5812	7742	3244	812	3905	8555	3143	8231	6357	3471	925	5226
7314	2221	7771	2489	9985	4188	3789	7671	3591	6831	4453	7986	2562	8709	4799	3543
6640	7982	1766	1801	1440	3202	2720	4173	2585	1404	1877	680	4162	9396	7843	6344
457	9294	5934	5434	1107	1824	8807	698	4061	796	264	6007	5236	1113	1531	1211
7760	494	6033	2751	2903	7076	7815	9144	2187	862	6448	4450	5019	6254	615	6302
5007	5820	2106	9948	2841	6186	3010	1226	4944	9345	8270	7620	9262	9929	3142	9356
9704	2943	9617	8925	3386	6362	9110	7583	4936	4545	3485	5722	2754	4777	2972	3333
2646	242	9322	4813	7515	5389	934	6440	1998	9739	8697	4172	2654	5168	771	2025
1018	8907	5667	9444	7308	8369	3889	9257	7516	5941	3045	7065	4557	3515	4870	6601
5216	7906	58	3545	1715	4106	9715	1124	8209	6577	6651	7072	184	1160	6564	9525
2145	2305	1638	6257	6122	3984	936	4240	3072	9710	1216	9165	1034	2753	2201	5069
9058	7350	7136	7215	2146	9651	8059	7752	3175	1856	6081	2877	8555	4953	7561	3878
9876	6198	6357	8606	2940	3480	1476	6284	5598	1122	5765	7276	8775	1427	9556	3380
4469	4129	9302	6493	2348	9773	6705	3012	5274	8931	3541	5254	4138	6583	8036	5435
3684	6844	4026	9398	3549	3374	7507	7366	2792	5426	3511	6418	4766	6936	1900	9999
1406	8736	6429	2361	4501	9250	1941	1459	2875	5252	3824	3938	1021	334	6744	8024
3806	5992	4488	7718	6420	4042	467	9516	3459	9327	9902	5562	2597	4029	3522	1905
4213	9273	525	1347	962	3606	2383	565	6110	2516	4183	9855	3485	8000	8431	4257
6015	9234	1983	6192	2854	2597	3098	661	1609	803	3112	9475	7235	1607	2886	5127
7973	2744	6402	6051	186	2750	3431	1321	6215	4990	780	812	9047	525	4815	9989
9189	9823	26	9644	781	9355	6430	2152	8945	1534	7139	5572	500	9693	35	7879
3836	6973	4659	5639	4757	9221	5854	7207	5515	6896	3879	7643	1098	6400	9786	3122
305	1914	3271	4601	5790	38	5857	2962	6204	4180	6028	942	1070	6949	2427	7350
7441	1746	5760	2902	8811	5784	285	1525	691	1698	3651	4659	6195	9659	1617	8104
6756	2542	7889	3441	6378	2639	1525	8301	8883	5690	9441	9785	5095	4480	6319	7760
9200	3969	1983	3072	7500	124	3772	7552	5405	4208	4665	3726	4160	6666	2931	3827
8652	6159	5504	9601	2279	6341	7071	9305	5024	4451	7158	9976	8216	7336	2712	5408
4416	1741	9990	3808	4017	3595	2130	6594	7920	1583	5324	1778	9737	7202	5220	9524
5030	3758	3825	7603	6281	3850	2380	5974	3555	6974	5040	5236	8864	9483	986	2107
2423	235	6125	1448	7556	9348	1425	8597	2048	2371	5244	8254	3335	9418	6112	7014
5538	278	5190	9626	2457	6005	6828	6235	3971	3939	3681	2796	9373	6606	1086	3290
5254	2857	1978	1206	1985	6475	6170	4404	4954	7081	4353	8128	8521	8155	3431	2494
6502	7491	6472	454	231	8144	8745	5615	3880	2189	8736	848	1299	328	9261	9397
8299	1562	3079	6658	84	6639	4038	8521	608	5027	1018	6739	5628	1628	7394	701
5897	1936	8946	3393	4609	3613	7071	7157	4082	1768	3392	7725	5352	3112	1724	255
350	6381	8369	6553	731	8040	2942	7230	2879	3103	5304	930	8320	2402	7696	201
1587	6856	5134	6912	3154	3164	6258	8986	5668	203	1536	9769	7411	9669	340	6547
7446	3402	4813	3885	2811	4761	7282	7135	6644	2363	4112	2206	6026	2559	3398	5594
4582	1932	2229	8379	6036	1017	1728	8223	5970	8868	9109	1767	6329	487	7853	3353
8138	1960	8413	9649	1495	1071	7007	7999	374	2869	6328	1113	781	349	2537	7026
3695	8217	8889	3666	3349	8697	9254	2433	7468	4510	4385	8635	3599	1760	4563	5381
6589	3864	999	8723	7841	6032	4939	6697	207	5004	7578	7885	9651	7176	6513	6297
2722	9577	6988	8262	1127	6916	1638	2130	6314	2016	6720	1401	1799	9432	8243	6206
9766	2392	337	8603	7263	8061	8454	1996	3241	8778	7330	9003	2007	5703	6489	7799
2314	8615	3152	7198	5654	874	2248	3146	5633	8660	6982	1933	8605	2326	5574	1640
337	4667	3028	7373	2742	3796	2515	8786	6905	8421	3248	4120	3841	180	8784	3089
2991	5399	7983	6449	7111	4348	3129	1121	9961	5327	458	7815	8272	2939	783	4317
5807	3793	6127	5545	9217	4473	7283	7929	665	3687	2600	1114	9812	7125	6471	2385
1811	3985	8871	7819	8493	1041	4293	8373	2662	4232	2756	2825	3075	5147	4992	9339
6026	1322	433	4891	6262	6438	6973	9669	5390	8984	1388	5515	8322	6773	2243	3791
5169	94	1404	9517	1773	4706	361	7161	9449	9601	5318	9829	3861	9514	4131	5166
4315	2213	3082	9640	3189	3874	3901	2372	6473	7104	7155	296	4195	9812	2039	5219
7890	2092	9022	6917	6763	9021	7104	3466	2269	976	5491	8104	6459	4712	4451	1445
8272	4846	6512	3917	9233	5190	5824	96	4142	9518	9394	8729	8822	9911	9186	1213
9245	8368	4717	6604	9661	9920	1767	2626	2090	6819	2766	2946	4339	8330	6774	4496
9615	4864	5786	3164	9909	1235	3807	4709	3331	5846	3330	9787	773	7734	9724	8311
5085	4717	8684	131	4194	7950	8530	5703	5286	1274	633	4701	3062	6831	323	8442
5105	929	8152	1597	215	1359	8268	7255	5785	4792	1917	2867	9114	8906	2838	5941
5558	641	8795	6597	3227	7059	2070	4934	9734	6477	4152	59	7290	7294	5236	7681
3220	5116	8027	9119	315	6789	96	7554	3894	1968	1852	6029	5598	7058	8138	5106
5715	5221	3498	1184	4404	543	2483	7157	8735	9304	7559	6192	6364	53	8898	4343
583	9156	1587	8272	7472	1127	8698	9540	7893	801	198	2734	9612	6741	1960	227
5798	1513	5360	1770	596	9833	7567	2177	1070	7554	66	1918	7649	9773	3918	5269
8218	6880	4667	7392	353	3300	3500	3851	5620	6236	351	5485	7863	2310	5443	4659
2313	3058	179	8049	1280	2181	3775	7278	3688	3386	3992	1651	2036	4296	8672	7357
485	6450	2847	6093	7217	2367	3881	5216	4497	7839	7708	6769	215	3947	2804	7605
4619	6342	9407	6222	6180	2603	1018	2438	9099	6344	1452	618	3426	6896	6693	4712
3464	8762	8890	7836	6577	8327	9425	5321	6845	8969	6674	901	2901	8094	6117	1782
5412	6592	6208	855	2735	6638	9476	9707	7664	8246	9146	5604	8965	5796	7325	6823
8941	3648	6868	9237	8817	7718	8075	109	3124	3242	1562	2163	7830	823	3366	6549
2723	1375	3084	5036	813	8536	1720	9937	8220	5536	7742	7478	608	9604	6	8723
9250	9380	3021	7175	9732	5101	9634	9782	503	5991	1584	798	3181	1278	7612	2641
3719	7210	9474	2556	1938	2819	7949	1226	5846	4160	2371	3797	2569	2464	5217	4707
9678	4598	1725	9820	7502	7303	9980	3460	9646	4175	1711	9817	1195	5533	9459	8691
8902	8916	9481	6554	7360	4116	880	7281	96	1923	6513	780	6225	1667	5405	1247
966	8242	5224	244	1811	3788	4868	6465	5740	2700	5179	3089	707	7253	876	4512
3367	568	4081	4526	3262	2680	2033	5975	7043	2497	1012	3842	1727	3425	739	9885
8101	3716	7814	6439	117	3093	3577	971	9324	3065	2054	6610	9557	752	2748	1502
1677	6600	3137	6823	1462	1511	8505	7234	2720	9864	8670	2664	2148	6465	9827	7130
538	6363	7443	7749	7596	4260	5742	222	5631	2148	1876	109	3270	6261	1478	6220
6870	8891	7970	5977	626	3182	9421	5955	7816	1653	5195	5562	6688	4136	2342	5444
2258	2306	993	3162	8222	3419	2027	7711	9313	7400	5934	5309	6433	6520	8110	205
1357	4311	6568	5290	7176	567	9500	4805	9234	6699	7562	8226	878	8553	4427	2181
7081	4944	2770	593	2424	890	2650	759	1066	4864	2170	7795	4721	3356	891	3743
7644	314	1565	7207	1054	7153	3108	3244	2353	5273	3260	4325	281	1186	6171	7878
6215	5177	9976	6802	2420	5080	2572	21	5702	2326	4597	6448	6327	9233	2259	2454
5845	2090	431	7257	6624	9777	1379	9385	7845	9309	6634	8255	5794	7873	937	9495
3559	6296	6240	636	3854	473	3005	7117	3046	5080	3833	2372	6826	7834	8607	2636
767	6607	3953	2400	1828	5727	8592	8783	7915	5728	5462	8821	5112	368	1902	5654
5873	8340	5643	8932	7408	9802	9772	2944	6891	5615	2571	2230	5785	5440	3803	6250
103	6092	6967	4856	3798	6306	112	1294	7857	5721	9	4097	8901	2950	1711	1319
5864	3771	6409	5532	9457	973	5482	7862	3594	2434	4734	963	6147	4496	2960	5789
1778	1570	9469	4166	3693	8169	6407	4989	499	1517	4560	9514	3799	6930	3321	7951
6774	1748	3684	7002	1640	8251	5399	7645	1443	4311	1889	7904	2793	6636	105	1051
905	1208	3020	9227	5883	5238	2316	7616	5521	2419	705	2995	718	6	3142	5625
6682	3324	8743	1154	1899	395	3768	2297	5287	6894	5983	489	6654	245	8179	7151
6485	8356	6542	7400	8390	3199	3245	9908	3388	9366	3861	8504	2944	117	9626	1863
2669	7079	7191	1615	7133	1547	4404	4978	3580	7239	6645	9743	1877	6768	6720	4867
6065	4065	6139	2741	9708	7198	6402	7993	1562	5922	814	7579	2923	2433	1340	5823
9276	1574	8731	1713	2675	5635	357	8828	5891	6363	2558	5953	9869	5645	7747	4700
31	1455	7568	181	6857	8761	5280	4650	6164	1710	537	9216	9038	3412	2592	5851
1289	2327	8159	1150	4272	9975	1877	1375	6583	7833	5338	6771	3572	9554	9160	5263
8568	6018	4417	7004	3463	3523	3563	4350	1840	5432	7655	4013	4777	6691	5298	600
9120	6424	3369	9576	2777	3452	1406	648	3997	9580	5989	2617	4309	8493	3080	7027
6103	4830	3151	3988	9515	4587	6893	6982	3376	3384	8087	7314	223	2138	173	7902
8848	2733	5657	6229	1246	2857	8823	7100	3564	3960	7259	2399	4184	9928	7065	5081
3468	5394	6670	1018	1417	9123	3134	8308	5476	4884	8230	1624	2681	5195	9519	9578
3646	3339	4651	9068	7154	9851	687	8630	6721	6796	8744	1967	3408	6243	3270	5092
5279	6662	7639	503	9171	3988	7888	4138	6370	7723	464	1975	4051	3402	2859	457
9899	9093	4996	8342	4390	9483	9527	6655	7495	6480	2464	6733	1385	7244	508	6984
5533	2075	4742	5043	5060	4453	4276	3641	9062	1720	953	539	2454	9705	7999	778
1730	9677	7923	7139	7171	9644	9578	5418	2474	4028	3682	5264	3386	1407	8644	4056
2057	9250	5976	9827	3682	3780	2219	9667	5358	6887	8908	1957	2664	3021	6575	7902
9426	9737	361	2048	8432	657	9031	8761	1600	929	5255	4589	5756	5518	9040	8412
9709	920	3017	3107	1500	163	9114	8584	4279	5307	5675	7951	3016	1453	5168	7284
9010	1521	1107	7147	8287	5982	130	471	5791	7921	7281	6516	9616	35	5053	5591
7632	7170	5651	4345	4022	5645	2166	4392	6963	4956	163	3460	8855	385	8392	1256
8646	8516	4269	6280	6891	3186	4276	1999	8771	6835	8009	715	2763	1040	7156	4495
115	839	557	4036	1891	3396	6857	6819	5270	2186	3618	9799	4586	8039	4381	5507
3541	2730	8524	6455	6895	2782	2878	2836	5074	1435	7502	4880	4188	5644	7992	9428
3532	198	7106	905	2799	8157	1089	2110	636	4105	1027	8204	8643	6108	1858	3258
819	7808	2877	3492	7806	1043	8719	7518	792	8908	8996	9406	8990	3901	7927	5694
7185	3124	5086	7681	3252	9068	4759	6184	1813	3880	3651	5195	4399	1596	6681	5891
3394	2792	4230	1511	6150	5509	6224	5937	2987	7409	8880	8110	1988	2514	985	3272
406	4236	5529	8643	4976	8562	7561	7226	9451	9691	3924	538	6277	690	354	2684
5356	7060	9001	2675	7627	4840	1764	8293	9036	4425	2161	3734	6829	2230	8154	1314
8906	1851	4335	1087	6856	8471	421	3478	9760	7070	917	4614	684	5268	9906	9806
8104	8309	5834	4624	8590	5522	1739	8339	8393	2867	5020	797	9051	3306	478	4902
2156	9198	7244	1704	4744	6514	6233	4587	4322	5791	2556	4284	4537	4259	4982	8517
2206	3406	3575	342	7721	8519	16	7800	9208	5236	1882	5733	2952	6047	9566	9375
9570	4264	3069	7978	2776	9676	3918	1764	9674	919	2583	7269	1892	1170	3353	3026
3296	5253	8608	8874	5788	938	5884	1924	2240	4866	2858	3840	8047	9495	4937	7832
9867	538	2289	5682	1948	2446	2649	8382	1034	9834	6025	2164	7010	4428	6648	1581
2514	8220	3679	8809	9055	8748	8538	8606	315	9863	4087	5839	3634	8727	293	8542
7883	3030	4287	2928	5147	6693	9422	9577	6790	2926	4055	8156	1059	3882	544	8900
6539	8617	2450	6096	8971	4618	181	6238	7092	1657	2067	8768	6839	4069	8189	8301
2735	4527	5083	4801	8410	9537	702	331	297	42	1433	9555	51	5836	7246	7686
6040	7843	5387	1921	9859	5082	1622	1107	1951	4077	141	5544	6483	9895	1504	289
6137	2800	9691	2439	2020	9328	6535	2145	8948	2894	2873	5868	9900	147	1464	9268
1902	5522	4398	2413	8364	3140	8384	3808	4071	4638	7906	5181	686	4889	2583	3218
2953	8652	3905	9247	7484	7249	7349	2726	7099	2926	3624	5949	6888	3746	2643	2507
5750	5547	358	4459	887	5276	2159	6502	665	1412	3471	2745	2677	3866	7361	3903
9185	4021	251	8362	3615	1284	9260	733	1262	5579	7665	4251	6578	2924	3481	1446
3034	5273	780	3275	3172	5792	5595	4797	1564	5619	6539	6632	9775	4536	6018	7834
7272	1464	9033	1631	4145	8332	1877	882	5198	6584	8629	1308	9575	9725	1366	5875
815	8706	5888	1242	1311	2047	9792	9074	4616	4146	6304	8	939	8702	5625	1402
3464	9141	389	5888	541	8337	6014	3029	5314	6938	7486	3835	9385	3279	532	4216
6339	2879	3625	1369	388	3355	1851	1619	5036	8781	1434	8473	4600	1082	9779	5181
3232	4817	9014	1303	7826	9642	5375	8710	3728	7691	2960	6343	5779	2893	2765	2645
2981	37	1510	536	6605	930	2833	9144	5708	5262	6579	9642	5986	7502	4377	9916
3895	9128	429	3107	6992	5869	4141	1581	5952	994	2283	7794	9753	5351	7626	3156
6682	6192	1929	7555	2712	5333	1216	6661	5049	2226	9436	1110	9746	5442	10	1521
1896	4762	1705	6972	4067	2565	1704	8232	1155	1288	2446	2623	3005	9386	7153	9515
7672	6940	9911	7314	5949	5128	5532	4052	3820	8598	4082	5166	5636	2424	9329	9023
7776	9740	4206	557	7564	3288	6644	1409	3708	9684	8373	9371	6774	1395	3386	3485
381	1582	7854	9308	7888	1376	5874	3019	2780	5077	545	5857	2629	9436	5744	2041
9325	2210	1163	3164	4304	7239	3709	719	2890	2576	5877	5080	2311	8436	7927	2574
1259	2223	8457	3598	9815	5932	6280	4344	332	3728	1102	1354	1556	8954	671	8108
8165	712	7958	3980	9699	2029	9149	103	2907	1111	8918	5312	668	7844	1989	1330
3671	5534	216	6309	7241	7443	2528	1686	4516	8772	4476	6614	7736	9104	484	6183
1002	1772	4811	8269	181	9067	7803	3607	1446	3527	6944	8533	3017	1305	3715	4416
11	2870	8399	9644	5309	1374	6310	4141	4058	6799	3531	2667	9620	8334	2207	5209
5819	8811	6026	246	4141	8681	1905	2806	7961	6703	6271	742	2632	8093	9138	9246
2653	8715	9841	7576	1127	8621	2813	1769	6636	665	7104	3527	6191	280	4261	681
1810	72	6815	7476	6966	1534	6495	492	9635	1598	8538	4778	1317	6475	2609	9351
5835	8405	3766	32	2001	8203	92	6932	6245	354	5235	9814	3232	5203	1971	9926
2558	1355	9343	1482	5633	6887	9592	7770	6427	7071	9026	7938	8489	8878	8675	8890
9055	6850	2525	3005	3908	1077	3538	6649	8062	4358	2304	4779	7658	990	4243	7296
9858	6995	9362	7288	9834	2631	1082	9951	7058	2529	9416	2219	493	3873	4387	5468
3313	8094	6096	9646	8377	624	5135	910	5456	8838	3945	5019	7797	1740	3329	7614
4676	9004	7396	6848	6424	7113	160	5450	5139	7120	5125	558	8532	4319	1558	1668
5207	5279	8247	6334	9202	2705	3891	8098	7220	557	1724	2173	5382	6096	8333	1189
9188	4052	8	8371	8501	7626	6913	46	8791	5019	9605	8834	6505	6674	3987	3981
9068	7296	3482	863	616	4939	9140	7795	9747	9002	2158	1281	6740	9812	5499	9743
9473	6374	9936	3383	6714	8635	6745	1249	8944	49	3851	5476	3651	8010	7872	8591
2346	260	5972	8846	479	5964	6618	8516	445	3297	9364	6961	5734	4564	3776	9395
9097	6940	4475	8577	8274	1317	2239	8596	8803	7027	6222	3705	2843	1699	743	8829
2577	3348	4006	7553	1307	9567	4644	7192	2131	7246	224	7340	2308	3932	1696	5135
9285	8464	3962	3596	5461	6617	125	8940	3688	3204	7218	42	10001	286	8661	7042
622	4020	6707	8443	5881	5278	6698	8003	1981	9945	472	5083	7297	9615	616	9155
4611	1057	2759	2134	1549	3626	5464	7375	4047	8089	4742	6483	2125	1398	9359	656
1655	2480	722	4570	3377	5567	5329	18	7046	7362	6246	1915	1956	2641	7260	6676
9970	2488	7957	9886	5477	415	3958	159	9535	5480	6756	8774	3540	819	3969	1825
2524	5160	4261	5085	847	2582	7063	7742	3502	5362	4844	6848	3304	6762	2699	5108
1637	8151	9473	3241	9683	9430	5108	7705	2631	7953	8846	7854	5522	117	4167	1110
923	6967	1737	6186	2670	1554	3815	9552	9428	1600	5999	2335	7194	4955	4491	6776
2701	3291	215	3638	2920	419	5241	4868	4895	8341	3104	5226	5335	7310	3315	1248
1255	7220	3490	5247	4098	6549	3079	4215	8388	8862	9987	2656	4880	6238	9701	8101
3249	5654	9015	4341	8630	6957	4683	4037	6332	6478	5830	2654	8039	6391	8305	9905
934	7156	6208	3787	6770	6851	5245	3850	3734	4716	5861	9716	5283	9547	4594	708
5699	8428	8932	8817	5423	8973	6636	2799	1818	8796	6312	1016	8551	4544	3678	9904
9649	7180	9820	5417	2964	1962	6955	6013	7397	1165	2328	894	3533	6907	5725	9652
3204	1720	6685	3528	5287	9901	3900	9050	9058	1553	8156	5466	1115	4040	2851	3264
9530	9322	2347	8308	4122	5097	5783	2940	5914	5878	6474	2562	2793	104	9783	272
7668	8661	7046	6995	4657	7453	3821	1459	5779	4498	5183	9133	532	7037	415	7717
2647	2453	2590	3574	1737	4746	8927	1274	6768	175	790	9510	4387	5453	3722	6936
6510	7614	8205	2465	5744	7860	7987	9560	7313	9793	6100	5479	7706	1737	2546	2039
8157	4340	5933	8515	4504	203	7156	8049	3629	7756	3820	2513	6934	9732	6616	2794
7519	1670	5825	3559	4368	2804	2611	5185	6387	5255	5987	9108	3183	3201	9116	1701
4008	6492	3818	2916	1306	1176	8432	6301	8101	8332	9228	3220	9715	8613	9109	1376
4374	479	2142	7071	5470	5339	5778	5506	1740	2375	318	3766	6459	9203	3142	8857
6908	4026	9666	804	9441	2058	4911	4037	580	3046	9381	2414	7653	1196	313	505
4169	1669	4926	8097	5041	9641	4183	6118	2504	8664	2879	6846	8768	1176	4026	6088
9000	6627	9151	816	4527	7669	3370	868	2488	9235	8267	2584	1243	5406	8417	7269
5291	127	4674	8928	5333	9529	8632	3639	6923	5310	7519	2399	4482	9990	9460	3095
9106	8292	8139	48	2328	8494	4807	565	8148	2013	2185	2789	7891	9686	2356	9759
5291	783	4097	6274	1284	302	7608	3768	729	6102	3569	2850	8142	6066	656	3597
2663	1996	5320	3799	7739	1870	2734	3993	9916	386	5060	7764	2210	2850	3246	1181
9064	9124	9074	4025	9936	4423	8424	7832	9771	6670	710	6260	7491	2288	2455	9254
6727	1382	2071	5904	8201	3432	9922	5951	6981	7704	6193	8959	956	2394	3748	1617
4521	9861	4444	6675	3649	7770	4575	7486	1934	4057	29	7338	2360	8565	5863	2209
3978	1849	7823	1614	481	6115	1653	4037	2779	5213	3879	4335	9406	8769	6854	7648
4255	8049	7885	4535	8471	4437	8681	2825	5785	12	2779	5321	8176	5715	1933	8172
4098	4914	5033	7477	4784	1974	4152	5971	4885	1750	7070	4399	6014	8358	5944	9386
286	4507	2177	5085	7269	4449	8933	5758	3297	7789	7821	4070	3007	6297	2416	2695
1040	8550	3610	3360	6761	165	2906	499	5090	9009	7328	5813	64	6113	9065	2557
3161	8288	2742	6104	6372	5662	7034	4905	2358	3202	7514	2569	6915	787	7419	4025
9230	6049	6725	8882	3485	2595	8681	9577	1853	4703	3604	8367	323	5146	2087	4857
497	8133	7901	4585	7765	5393	1362	1524	9745	5498	7370	5643	7213	2597	3316	1780
9979	3831	4542	6507	9031	2699	6786	2409	4524	1076	530	5032	3928	6518	963	7187
7809	3070	543	1997	6634	7006	3841	1676	5666	9212	2728	5083	9529	1782	6159	1557
7017	2934	6210	4568	6912	1791	6895	665	101	152	2830	8762	2164	8137	8791	4948
6877	6911	5606	3750	3659	3203	3972	2084	266	4506	9675	6238	3824	9128	4938	5447
3068	9441	3606	7390	6502	3057	2948	2099	1623	61	9755	8996	3577	6414	2099	5465
1210	8134	4597	10000	5751	6828	6576	2088	5889	8109	9476	5415	4654	891	6256	9292
7669	6540	3172	6247	1618	8379	1140	3658	5583	2149	8433	4232	8583	6225	5185	4865
3499	9374	4792	1060	687	805	6234	3614	559	9104	19	3337	3134	8696	9265	6661
7725	7807	4462	2877	1288	5239	7764	488	4763	7042	9272	7299	7699	8468	4396	4070
7953	2700	1987	1524	6932	9077	284	699	7318	1688	9565	9286	7065	2323	5332	1415
9389	4634	2979	2005	9263	9744	5745	4085	3898	1788	3182	3054	3052	5486	4225	8014
8009	5961	8101	2535	5546	4160	1730	2027	7944	5492	5650	7549	8299	2638	9618	9353
7382	3490	494	8193	8517	5392	8585	2013	331	8838	3786	5848	5169	806	6839	134
2247	3146	3602	9456	6666	5423	8417	6905	3714	4996	2813	5521	4610	2415	1404	9240
8530	9436	8182	7811	5402	2883	3969	965	4648	8545	7235	5025	5484	2093	6606	9574
808	1867	6647	1185	8437	6181	4962	2340	6159	3388	26	1496	2681	3791	5210	5142
4166	92	9416	2312	5447	9590	6329	5332	8575	8538	810	1819	5056	8156	8838	7301
3915	2653	4170	1333	1971	4815	7502	8353	6342	4790	5545	1660	8992	9153	7817	3154
6891	4698	2860	389	7735	1480	9752	7568	2626	3012	5926	8168	8922	9444	3186	833
2991	6074	3166	7246	7017	3205	6969	6226	4454	2903	7757	6776	5147	5995	6371	6793
5950	5001	2504	716	4519	1210	719	403	4567	3576	6728	8996	3822	6857	1984	2613
9022	1612	4234	3433	7872	9363	3579	142	3810	1403	1086	5976	9629	5856	2844	7458
9989	7166	3	580	7370	4574	6682	1441	9637	7283	7612	1941	96	1084	6175	7702
8313	6809	6113	8493	5712	9823	4533	7730	8615	2897	2519	1324	9027	1389	8247	6179
2089	9899	6474	8012	7246	8799	8778	8148	2435	8954	4864	544	7176	7919	8512	5805
2222	5601	3823	6324	6861	4413	3680	5515	6026	3410	7936	8523	6770	2375	5488	1037
1865	3931	3327	9332	1993	8145	4787	7450	5521	2218	1643	8735	351	3340	5805	5184
9607	4377	5273	271	6753	8953	72	6207	3627	2460	2190	9173	3301	17	6680	4941
5322	132	2864	9963	8523	475	9677	5581	2678	2817	642	7564	7043	8518	2937	2255
6143	632	4064	9549	3619	239	1146	3732	660	1470	1147	8204	5323	4659	9890	5710
2150	3747	8457	5896	4201	6236	2622	7903	2923	9072	2094	8522	4142	2214	6032	9079
4594	9082	1715	2142	8492	8814	1208	7823	9400	147	9294	5436	9959	8670	6537	7528
7114	8507	7469	7221	3439	6703	1391	6757	5496	13	2435	2827	824	3955	8353	9102
7125	6864	7511	4130	7248	5088	8011	193	3817	5742	9452	2798	8787	4718	6094	6490
7528	9830	3127	8806	7668	2809	5926	2607	9108	2886	4519	2831	3294	4532	9842	2728
1017	2212	8752	9931	3550	6413	2170	1853	3483	8170	5789	4805	5187	4650	6594	8530
3201	9657	8915	4398	1430	999	8244	6971	6897	3998	8016	9812	808	9026	8256	836
4445	7440	4980	1175	1808	6413	2969	2758	8044	4892	1627	8686	1937	1810	8588	1804
1739	8075	1305	5798	5358	2131	7140	7356	5106	7534	8766	9780	5862	8611	4900	6101
3566	4396	7187	8287	334	1558	1024	9643	4224	8051	4804	1026	1416	1599	1195	8775
2764	3491	89	5771	4765	6446	8766	6965	3032	5660	3703	132	3170	1530	2366	8811
34	7556	9650	7351	3226	4974	4279	3233	8604	8316	256	7351	2063	1668	371	7767
1903	4007	5331	6083	4418	7261	8206	9617	1369	1044	4737	4585	408	442	178	3787
5542	7906	3796	4651	5130	1434	9265	2185	7282	2938	5198	8626	8406	514	8539	5841
1166	5364	2651	8687	8737	8211	5343	4841	6619	6659	9587	1351	3143	403	5282	3715
4803	7353	1543	1612	2823	109	4214	7336	5243	393	5937	999	5090	3949	9359	9707
4559	6447	3935	2964	2241	4770	3124	1454	2523	8045	8344	8273	4737	7294	6437	1727
7967	3387	2748	7706	3226	7324	2845	7096	3088	8185	4985	9758	228	9388	528	7781
3928	3871	2596	7850	9593	38	5792	641	6743	1801	3761	1554	3922	296	9149	2175
3799	4102	7535	1304	7656	1673	8759	6333	9314	6166	5324	7250	88	3480	5119	3179
22	1189	199	4534	7011	5036	3693	7133	810	4929	1379	1644	9621	3206	4147	1606
6020	4716	2611	3347	4732	9282	3455	1251	3528	442	7231	3687	910	8076	9570	7205
5956	2928	4379	9391	3729	3390	5194	7166	1557	4648	9951	5299	4350	7277	8607	2954
8057	9538	695	4685	4168	9773	5157	6241	9351	4627	5940	1983	4480	5112	1671	3909
2808	7569	573	3118	2883	8667	7236	3322	4157	9924	3439	2547	8722	1910	758	5513
3645	5770	1789	7874	4868	6515	7532	9062	6626	5319	4125	1141	164	5298	1117	7245
4247	5863	307	4268	3143	6374	8180	3543	464	8405	1018	5993	174	4276	1931	1590
9753	3114	7205	2836	646	183	9910	3338	3940	3867	5967	8056	1126	5570	3025	6111
7997	1442	7366	5412	4286	9955	6252	2984	1196	1889	8020	4413	3051	6902	199	6610
9888	5285	3922	5408	9896	7025	5253	1041	3513	5420	7224	1059	7657	6893	3563	6608
3675	9287	507	6012	6360	4660	7011	9554	7296	5871	5827	9990	2434	1000	4472	6174
4904	5954	8345	2388	5300	8508	6234	880	6	1520	9888	3444	4950	686	4619	1018
6095	4507	374	5955	1032	9275	616	3765	9402	3256	2569	3304	8008	5158	5710	7355
7557	8998	5280	6480	1546	4257	2994	7973	7951	4145	8348	3500	2360	6637	3638	4148
2500	6051	4724	1906	3478	1119	892	3714	7153	8581	7405	5464	6416	3202	5501	1381
5153	3966	2654	4947	979	5149	6175	9752	2077	5478	6235	8206	9122	4469	6634	2988
34	6186	4761	1828	1121	5676	5793	6342	1100	1080	2315	999	1768	8066	8714	1060
9568	2367	2737	6480	9836	1250	2680	380	2398	7465	7838	4558	8471	3398	4625	1833
9734	1463	2508	3172	6634	143	6480	5120	2653	4619	3600	5218	4374	876	3992	8203
1402	1552	5220	1840	3980	5090	625	732	1925	6812	4763	5241	7025	7256	5665	2454
6615	854	2411	9081	9584	4058	3590	4052	540	8498	6608	8809	2915	3890	1308	3124
3164	5866	9320	7990	9643	4200	5259	6133	8791	8507	8525	4286	5716	8294	2504	6382
5755	2867	2143	9527	6221	9645	1144	3762	2329	6033	4959	5681	1359	2862	3910	875
7041	2344	5637	6380	9382	8301	5126	4847	203	2936	1807	8170	6143	4958	2621	6973
8587	9218	3909	7711	8769	731	434	4301	7925	8606	5498	4497	9561	625	3204	8025
4300	6184	9096	1892	6567	4665	5857	3846	6487	9646	4615	1154	8451	9325	7195	4225
1072	3387	2455	4111	1601	7770	6300	920	4344	5188	85	9063	5069	3407	2981	8298
9598	8753	7919	4806	821	1484	5005	6094	7609	2390	4702	759	1717	3187	5668	4251
8075	6448	3610	2355	6804	1822	9123	4013	6502	5667	509	4496	7446	2550	1807	7869
3663	7966	3238	4456	4572	6943	306	5575	1050	7313	9557	4817	8478	6852	7094	1781
9439	9023	7343	1702	6869	2167	5097	8724	6514	2284	1588	883	5620	4890	144	4803
5961	6482	6287	2001	4175	985	4721	8775	8729	7459	7284	4610	2168	1171	1797	9048
1715	4337	2824	4609	8760	493	6688	6410	5861	8984	3215	4903	4654	6320	1955	1534
997	7018	7084	223	4870	5823	9674	9102	4533	1373	2319	6924	4440	95	1522	8477
7304	3264	8641	1379	359	9721	2120	2116	2364	4929	3713	4753	45	7994	4651	2171
4877	8082	7732	90	1611	4824	6973	1584	9456	8014	2867	874	1131	1500	9427	4993
5840	5433	1386	3071	8610	2113	7397	2671	2687	9325	4104	2763	1268	5912	1063	2612
1634	887	1746	2680	9478	2647	4735	4895	1486	4662	5924	5216	1936	5219	8627	8284
5351	9318	4927	7492	1688	8408	8207	3444	8626	5327	313	1981	4254	6610	5888	1787
7153	6628	3904	5525	1523	8021	6195	9947	8076	3264	3687	225	6460	2549	6132	4487
769	1019	2214	8624	1155	2878	1870	5689	3363	4537	3584	6602	2243	6792	7399	2947
8464	6164	8633	8818	9967	7454	4454	8504	6938	3208	1511	7508	9212	1298	339	5219
8433	4489	7743	8277	8092	266	8416	2363	2365	637	629	6254	1041	891	8962	5533
9299	7024	1366	1420	2581	7500	2794	1714	5679	2475	3506	6734	8922	8238	1642	3245
5991	4533	5169	2844	1443	3352	4314	5352	4546	3391	2184	891	5381	6348	8590	552
7445	3514	4686	6727	762	8243	1013	7083	2340	5410	5642	1479	7036	9650	3268	2607
2975	3379	3534	2416	788	6606	4075	6419	5813	4833	2427	7056	3413	8393	2330	3524
6999	2668	9943	7422	2744	1147	1514	3876	8004	683	5323	4794	1541	4001	231	8724
4048	5602	6096	3768	7794	2342	7528	6305	5322	652	8598	9178	1759	3474	742	4896
7345	3222	9085	3131	5483	1157	4507	1150	4746	2633	2517	3442	3473	6714	5323	7304
3461	3765	4468	3641	6834	3018	6171	969	8587	3380	2829	9461	6906	4349	7972	2005
1581	1947	8540	9857	1720	9731	5219	1975	4869	3175	63	2852	329	3321	2440	4911
4009	4163	6581	309	2325	4159	2513	5924	1595	15	7771	5933	8281	3665	7753	225
812	72	8474	5924	7166	1931	8903	5481	2336	3945	6833	5027	6375	8382	1114	81
5412	1722	1871	8607	3842	649	8556	1349	912	3152	6606	9656	8585	9583	5992	8578
5053	592	8948	2941	7488	9019	6458	9717	8997	6248	2519	5873	8684	2221	6129	3435
4862	5664	4846	4735	8442	748	169	849	5718	8631	7837	7069	5754	6166	323	4856
3084	9099	3768	3682	3598	5067	7557	1094	7699	6692	5402	8914	627	4385	9948	5379
2444	4470	2639	4893	999	2563	297	4119	5249	7633	2297	4930	1999	6764	4688	5012
8068	3920	2469	7926	9410	151	3179	8239	250	5637	4344	8122	9282	9328	3530	3283
39	6666	9430	7473	3671	2630	7694	9458	5960	2418	4330	5223	5093	1473	7529	9343
1466	4418	2280	4582	9880	5077	777	7363	8105	7509	2675	9375	6320	9036	4697	3150
2129	5873	8566	8129	6978	591	5557	5944	4506	6996	8124	1855	8985	2909	103	4031
9912	63	435	2975	8256	2062	4382	6264	4110	4861	9855	465	1687	570	2735	6252
3279	6199	9510	5514	4036	8106	5867	8795	3257	8656	6838	6770	3360	3137	2707	4812
4516	5141	4498	171	2903	8095	724	8827	8820	2020	3847	8799	4774	589	2276	1010
6018	4885	6470	5066	5021	9602	4327	3080	5126	7393	7277	1216	2377	9781	8987	9566
1490	7161	6449	8182	1096	7903	6522	6603	2881	6565	789	6663	4542	7649	7130	5395
5775	2922	5637	3798	639	16	285	3281	904	4896	5749	6585	7035	9656	9986	6228
2554	2481	6948	2097	5990	3317	3420	8516	6203	6308	7579	6933	5679	8009	2699	7728
2401	4263	8598	7562	8774	6871	485	2070	6237	5865	3206	331	8120	8051	224	1810
4137	8845	3997	7439	6541	3771	4616	4357	2518	917	589	5804	3018	8986	6576	6698
3513	578	780	8462	5326	4470	9144	1793	3134	6152	4635	9871	8900	1229	5243	4145
9008	2465	6880	6801	5335	3730	8630	7861	18	4940	1112	9280	1200	9403	4275	2813
666	4136	1445	4421	4657	7536	3173	9559	427	1148	6472	731	9240	5746	2568	309
7232	5601	299	9253	6447	9390	7783	4893	2192	4111	6678	1093	3467	4415	3806	355
168	7407	6524	875	9537	1689	2627	1664	4425	7346	5028	6309	6239	1132	6124	1856
3043	8329	346	4748	2506	9271	6356	8901	2813	4818	5568	4723	6761	3980	1518	5796
2883	9306	253	6973	3929	7541	5761	428	9700	77	3604	2876	3777	5573	4177	4537
9643	8145	673	1102	6944	852	294	5314	7995	2747	763	9681	7182	6378	4713	8288
7257	2649	4360	284	7837	6443	9503	5405	3419	8603	5176	7714	5350	6106	7628	5031
9124	2088	1498	6970	5942	4012	3445	7834	5379	482	964	6242	4704	8329	9172	5200
8630	1757	8821	4965	9996	4157	1219	339	9686	5119	8591	930	2412	8646	5921	3998
4040	6140	7387	7809	412	1485	2451	7860	4654	1950	9914	3198	2492	2110	7658	7404
3089	132	9491	3449	9193	3770	2368	4162	1246	2324	8443	3039	6476	9216	7615	1898
6279	7801	354	4065	9962	8602	6292	5075	6124	2527	7509	7115	2759	3173	1958	6126
1274	7779	7008	8345	1453	9504	5222	814	5640	4703	6112	656	8152	309	782	1130
2982	5829	6621	4607	8963	30	8519	9223	7863	1352	6006	5252	9893	4848	1462	2385
4258	1719	9821	9253	7961	362	3421	2272	3408	6653	8768	6507	7816	9277	5844	7499
7424	3568	6177	1528	6704	3595	1634	3179	9960	3740	5366	1136	6369	5103	7361	8646
3059	6496	9064	6507	295	9614	1101	1500	2837	3908	8277	6989	4795	4861	3358	8208
7344	5039	2767	9971	8398	9210	2005	331	3470	6989	4065	6732	9332	840	5751	7979
8816	1392	2139	670	1559	4831	1286	8614	6269	9863	7212	9579	97	1295	8238	7664
7144	3281	8707	929	3597	8424	7938	1804	6211	6361	8523	9903	5946	9871	2896	6102
7499	5109	9404	433	8121	171	9692	4070	2411	8646	1386	8651	9961	6640	1908	5664
5161	6217	3799	58	5639	2904	8074	5141	4631	693	4327	7145	9876	1610	1720	6380
327	7383	8020	9431	3155	1125	4599	6266	6530	32	2763	1151	8941	4304	2990	2256
4195	4939	9447	7270	2468	9239	2434	1218	6780	2559	9328	6000	168	6083	4350	5115
7196	3178	5072	8657	681	6316	2367	5004	8000	1145	4466	5120	5438	2375	2172	7119
8362	2281	2467	3222	2253	8279	7680	5455	1147	4706	7056	7633	4515	4460	8265	5658
3630	473	6609	5887	5557	2985	1007	3637	428	8180	244	8526	241	1336	3532	2528
349	9206	5977	3200	2753	5119	7631	3826	7298	8894	8537	3927	5089	1508	1451	7883
8594	5191	4151	1787	8188	2262	3489	5904	2828	5390	4267	5395	8936	7227	6706	9789
713	3124	2993	8415	556	1022	713	525	110	3676	3999	2962	9906	8766	1796	7213
4430	838	4902	6694	870	997	8556	6568	453	5739	9348	1483	1728	8071	2654	5034
8013	633	2908	6898	4642	1659	4466	4218	8550	1045	6813	593	9024	7812	7475	1639
989	920	9920	457	9010	6343	4794	1005	9897	4711	6191	9722	5988	6507	5691	3489
8732	1333	6792	4035	9476	1903	3094	6745	6716	2024	4749	6106	5942	5804	7840	8831
6563	3988	1580	498	28	8942	6264	6778	8893	8361	9917	6547	2215	6022	5556	3530
9184	3542	56	6385	2071	6646	9369	7672	6842	1473	6225	7449	8716	9933	8940	5826
8024	4885	7135	6406	6084	3609	6446	2173	7720	4606	3490	6300	3479	7715	446	2497
3436	7086	8068	8386	1332	8432	5736	545	3184	3674	2239	7544	5887	2995	4945	167
3858	6998	2773	9806	5181	3244	1965	3057	3687	6158	9880	4415	161	3119	5037	5587
3314	1690	7703	8818	5310	4635	1852	1165	5801	4040	3410	282	6300	3804	8845	2127
7029	8758	3657	5030	542	2810	5744	2020	7764	4571	7815	7785	7420	8494	5925	75
5798	7245	3703	733	9901	8291	2351	613	2184	6296	7938	446	3277	5677	1607	7244
1687	9161	8035	6749	4697	8237	2787	4136	2027	8496	7452	4256	1125	1050	9164	2488
3469	9280	6799	5058	2256	2126	8778	5478	1259	8233	1624	4540	3317	6534	6891	2242
6326	6609	4635	3392	10001	3708	4049	4961	385	4920	6531	2057	7793	550	1858	7830
8092	9279	2214	2614	9810	6158	5820	2267	1635	4353	8307	7979	9009	5753	2809	7134
5590	7496	4926	8153	2872	4194	4044	7838	6760	3438	5930	5052	5443	7451	7985	1644
1615	1171	4323	4379	3971	5687	1023	5124	6850	9561	3668	9460	4171	8684	6306	2450
4758	6672	6526	5805	4744	1120	603	2825	8215	1763	6248	7593	1445	8726	5533	5363
3301	5696	6715	976	1908	3755	3595	1791	1676	1788	8713	4890	1569	7080	9387	2846
1567	8425	1286	934	5205	8989	6287	4062	6954	8892	7705	8956	6831	1605	4149	8591
5502	1286	3506	2554	3715	6133	4184	3330	9638	8119	2656	2309	3759	2808	6276	3222
4544	9784	3668	638	9061	3029	2231	4947	3117	4492	4208	3541	9733	6278	3350	339
7678	4888	1238	8567	2131	1022	8974	7429	1310	3585	7069	8245	9660	416	1730	153
9614	7542	2327	5058	9535	201	5711	7024	7944	1221	5808	4751	5957	3010	8575	2319
2491	444	4855	7936	4251	9026	5138	6171	7129	6720	5011	1664	3712	6325	2447	4514
3782	9832	1369	938	2117	1464	9454	7320	3044	5267	1786	4911	7967	1949	581	4146
1163	1646	3795	41	9903	6041	6323	2149	4623	2802	3898	922	8536	1892	9857	6251
6719	1909	9373	7545	1958	1113	4970	806	3703	4870	5068	3320	7762	4277	9148	744
7120	1509	860	5853	6270	5658	9695	8299	3091	5803	3526	8100	7175	107	9735	6469
9202	10	215	9856	5121	5129	7650	5845	2473	4774	9107	9902	3482	2359	4195	9737
3089	476	3317	4195	7458	7174	7531	3832	233	5380	4087	3047	6507	1514	6988	4134
9233	120	1459	7957	9473	2102	7730	5810	788	3273	7882	4376	9889	157	1200	2129
9812	3814	3799	3968	5319	4802	49	3640	3881	5741	9567	9521	4341	7758	3126	8948
462	9693	7926	1153	6090	8788	4701	7636	5350	3834	3490	2980	8973	7591	229	7232
661	9557	7918	6738	2657	3460	5439	8228	3657	9920	8653	2262	1746	525	4392	6479
1715	414	8549	7445	5035	8185	4835	454	7036	6938	9494	5410	111	7994	9371	1564
3369	7070	8543	3249	5162	4283	9409	2953	7588	6686	6829	9073	334	8063	1606	600
1975	994	7337	8435	9304	838	1024	4858	5353	3367	8757	1214	9589	3491	5694	5893
8771	6163	2276	1521	1938	6188	4932	7469	2611	8130	6372	6044	4194	9505	5303	1647
7876	8281	3771	8450	7319	3694	3830	8714	5855	5664	7315	3681	7811	9023	5027	5064
5166	2350	2468	7652	8945	5710	128	8857	4135	8432	4746	2597	2524	2895	4225	5826
3853	7894	3109	2436	7096	8039	3150	2104	2514	6264	9047	3086	9355	7274	4504	7910
6318	5599	7317	3964	7293	2291	7490	3369	4844	6547	9871	3629	9248	5357	1348	6721
4292	2823	3590	2807	9183	3513	1044	7016	8700	2841	453	1189	4859	8118	3314	1515
2402	5459	1666	4803	4015	2544	4919	2824	9791	8794	3465	5732	2736	1960	4615	8925
1857	7490	5241	5097	6268	8862	911	5679	5070	3563	6748	641	728	2221	5942	6135
5400	1330	9598	3842	6311	728	3958	1378	256	1605	8854	7991	6621	6242	5695	9061
1973	4932	5545	8722	9804	400	3321	7325	6328	5241	8340	6487	2998	6348	8959	232
8602	5194	4946	822	2289	3752	2412	3683	663	9600	4921	4900	698	219	3861	325
6265	5821	1482	4300	2900	7330	7340	5798	2947	975	1014	790	7721	6421	4065	7533
7926	1559	257	4037	251	2062	5744	8337	541	4692	8303	5611	1513	6433	5672	6653
92	8633	7309	2508	848	176	3838	9723	3770	7030	312	3999	3890	827	3833	9037
3145	5908	1963	2814	8548	9077	240	812	3779	6206	1450	5922	1560	2808	1293	6653
7048	4989	8436	5800	1990	6039	8849	6667	1418	1554	8203	586	5508	9645	9006	13
2625	6767	687	4298	2776	6342	7098	286	5788	8059	6379	8116	8863	8754	5214	937
345	4325	3707	3544	1178	5377	7660	3395	9058	5013	477	6446	7264	9415	656	3728
8732	1913	2783	9656	311	37	5807	3792	1456	2176	5470	2334	8016	7407	5695	9520
7550	1080	7523	4353	3188	5667	2918	9993	7087	7146	9934	3211	4100	4110	2273	2053
4492	794	7787	5740	4993	3670	4086	1664	8961	9995	2319	4469	5372	4229	2220	1026
4782	1994	7100	4646	4279	3011	2477	5003	4579	6909	8704	4313	6250	3485	8360	8267
7805	6167	4305	1968	4057	4650	81	1524	6524	1034	262	922	9397	7194	2483	9808
1067	9068	5025	1459	2313	2437	3586	3262	8546	6465	3781	6439	1294	8855	8882	4160
4299	4108	6953	9338	5348	9604	2116	6408	8023	3307	8612	5531	1740	534	3736	3499
3876	9853	1205	1070	8714	3487	4781	5275	3490	3873	4473	1540	7546	2553	2779	2035
7947	7860	4418	4902	1238	2365	376	431	1923	6224	5482	2241	1907	5216	2581	6067
1653	6619	8256	4974	2909	6414	2199	9814	8915	8925	6840	6044	3602	3003	2225	9139
7175	5029	3612	3281	9694	6620	1994	7230	3496	7813	4352	9559	8258	6953	9693	9756
5481	5135	5589	1430	9195	3681	4037	9953	3884	5211	7216	6073	5257	237	6077	9278
9766	7424	9486	3588	9933	5246	5698	4522	1106	3014	4120	9195	533	3422	383	3272
6432	9236	1913	1926	7955	4005	5816	9785	9337	1004	7267	7554	4292	3578	1217	7563
7907	2667	875	4871	2431	4589	3618	1726	2393	4294	9573	2123	3587	5683	5338	8447
752	9488	520	1701	4030	7242	9393	5268	2514	4501	690	7662	1107	2925	1833	9975
1591	7115	5018	2665	4276	5431	9851	1980	6111	6743	8226	5861	5517	1998	2084	9077
1053	2704	4072	5083	6145	2395	6135	5681	3222	2324	8981	4289	1958	2238	7723	4118
1836	4328	5283	6602	708	842	7810	1092	7399	9484	2654	7983	5326	3823	8025	5193
1741	5201	1237	2798	350	6181	6383	1911	4299	199	720	583	7164	8463	186	3604
4685	5598	655	46	7836	368	5325	7279	5160	7796	8345	6223	3298	2904	9268	5307
8091	4271	9223	3757	8187	154	9296	114	9880	7525	1647	1157	2947	403	2427	7491
9825	2060	9007	5204	3199	2619	4926	3622	5752	1266	4186	8527	7998	8774	4770	7342
4516	7765	3225	2313	7247	5108	8222	1980	6096	9614	7762	1707	5070	2915	7908	6245
1927	5263	7967	9474	1846	2764	5637	7027	7782	3374	7487	1087	2076	5254	8876	4441