8 8192
9657	8093	8232	8235	5453	4823	2319	8839
7242	9062	8735	8085	4734	8997	350	3010
7945	9965	3447	4909	8164	8237	3415	8190
6843	1050	8596	1410	766	8465	2275	9241
6809	7085	5650	5986	3334	8710	465	1763
3400	2318	7651	7	2668	4381	9809	4823
4975	6449	8401	8131	8247	7009	5222	7081
3043	7167	3583	2126	328	7009	9295	972
3618	3016	9960	645	3672	9697	8851	8321
2134	5267	6182	3302	3305	7663	5889	34
8430	9803	8907	4288	660	7904	1693	4995
5717	2083	7365	5830	5924	595	4044	6612
1347	427	9575	9477	9389	7575	4541	2501
6443	925	9172	702	7140	3887	1398	4716
7494	4840	8372	2999	6239	1890	5352	8076
4931	944	7475	2169	1523	9736	7897	9917
2104	6083	5912	6623	3412	6613	8153	2838
8387	3028	2256	8654	2239	8624	609	2225
7601	7886	4400	6089	3701	1889	1993	1520
6844	8095	6491	485	422	7212	318	2922
5065	9001	4678	8356	5926	4915	3381	5110
653	7169	125	6844	2705	958	7698	1875
2200	5076	7812	9092	1511	4599	3885	1007
8286	5560	3244	187	2120	6583	5701	7070
6650	224	5957	9637	8139	4989	205	6354
4055	1217	1147	5040	2837	6842	1820	4566
4322	1185	9870	2202	9038	3710	7880	4306
4965	6658	2511	4779	203	8395	4507	4985
6117	3893	806	7802	2648	4381	4205	3675
5023	1726	3037	6328	4966	5640	6528	6048
5445	516	276	9047	5630	5136	5458	395
7882	649	598	546	1138	3082	4509	5904
8548	3911	7231	2815	2604	9619	3530	710
1152	7790	2735	4851	5607	3596	512	3330
2142	668	2293	4580	4503	1215	1491	825
578	938	961	3046	3482	1125	7968	7058
8286	5608	4424	7341	7369	3250	7340	8976
3886	4944	6868	884	9986	7327	4798	4557
8860	8168	6009	9385	4737	3815	3645	413
500	9173	269	407	4278	3114	2188	523
8369	3034	7861	1290	2260	3783	8331	7183
8541	9492	481	2313	8229	9597	4831	5963
8650	6545	3531	8461	4323	6667	6173	5453
9669	7926	1358	1899	2682	4658	6989	1452
2560	5502	2107	8009	9256	8171	9247	7641
9659	2226	6775	3022	274	5817	1198	1719
9740	8011	7970	4447	118	9555	4281	493
2995	7033	4706	8093	8284	7007	4989	7139
8920	4007	5912	2155	949	1165	7924	9088
1815	4604	9174	3447	9901	2672	6888	2570
5732	3214	9446	2685	2608	3107	979	3453
1395	4844	8564	9347	6304	8092	2356	4034
7460	6552	656	2296	3156	6533	3969	7037
6507	1775	3045	9624	123	7566	6809	4059
7783	5422	2660	9151	2064	1121	767	3392
6419	8784	3385	784	5883	125	3242	9211
5945	6451	4934	6789	8938	9125	2384	8320
745	3870	4321	8881	3919	9494	5620	9666
7761	1792	4109	1277	1602	6597	339	543
9966	5582	614	3627	5157	5742	8009	8293
4092	1638	90	3052	4510	4195	9949	807
9886	8139	1845	499	2350	4863	2333	4095
9328	2398	1268	9048	585	9085	6028	7477
1763	7552	9999	4045	4848	5493	5974	2716
7652	318	659	9200	7192	6337	74	4643
9425	3489	8844	8684	3898	594	1785	475
3144	932	7642	6969	5275	2661	2575	1958
6305	243	1374	9158	931	4448	856	5514
8103	2433	1725	2889	5370	1127	6474	1946
3425	6714	3864	1619	4236	5530	9484	6594
2593	5538	9703	6369	3640	895	9629	3337
1188	3474	4452	5106	7324	6988	2055	5206
1752	9981	6310	3815	6079	9798	6540	2726
8241	7204	6963	6318	6848	4300	9242	8896
5263	2720	3143	4690	6387	7628	5039	5475
5576	7284	2397	5527	6794	5190	2795	538
3897	1994	3699	6706	3166	501	189	4355
963	3694	9275	2247	4965	3288	2236	9919
9721	8000	3978	9607	2060	657	2713	6673
8427	5506	8141	5113	9350	7246	9401	2677
414	3641	1267	1786	9074	5639	9376	3067
5967	3720	862	4037	6809	4078	8506	6096
3228	264	5167	7449	4282	8027	2326	5572
3529	234	3455	107	1622	1896	6264	8494
4050	3383	8095	3153	8707	3489	5055	6092
1324	7405	4271	8785	2743	2235	275	4605
75	5073	1016	4966	9754	65	6040	9764
9693	6068	3642	8546	8934	6836	4946	8278
8613	4434	2821	3917	4738	3872	4400	2409
3777	3033	1616	6769	9381	2859	7529	8910
4186	4579	512	3532	895	211	1397	1457
5320	5831	1952	6473	9475	1497	3554	6849
8928	7147	7854	5630	8978	1537	995	1942
5497	8302	1163	9267	4356	7377	9892	421
1170	5633	1626	3848	6772	8768	4634	927
7242	5731	4757	7022	7585	8235	8221	9669
8510	3288	7533	8205	8593	3206	7453	4589
9819	5739	9297	4447	5965	7108	1938	8840
6555	6882	5030	1467	6377	5329	8374	8181
5268	485	894	3035	3495	8172	908	4786
2896	8435	3058	9258	1619	8944	9005	7200
6715	4025	45	7054	480	9364	5312	3368
1830	8976	9513	4809	9369	6976	9951	7129
1789	6930	1909	1729	8548	5182	2252	8698
7223	6355	4582	9265	3403	6959	6848	5090
78	6432	8738	3291	131	7731	3033	1900
4017	7180	7336	9519	7591	6070	9401	7068
8557	7026	8295	1574	9664	2082	775	8255
4569	1644	2012	2406	8492	6462	8290	2083
5910	3214	5209	925	365	6365	3968	569
8223	4041	4888	4210	8443	9075	6729	3736
5393	1673	8735	1657	6650	3851	2168	9754
1766	7041	3452	9233	2012	7964	7876	375
9508	4487	9483	661	3081	1246	5825	9145
5489	7012	9061	5169	9081	171	6960	6600
7186	2318	4081	5700	986	8829	1841	3138
7315	2851	7222	547	8000	1817	9978	6268
7775	5265	459	3652	5411	728	1460	4618
5883	4000	7269	892	5018	3614	2368	7875
3876	2791	8468	6022	7477	8145	5717	4389
9213	1856	2732	94	4408	2831	6742	185
5150	2027	1006	7071	8207	912	6977	1323
7524	7779	1300	4895	8022	2694	2138	6830
6869	1685	821	9585	118	8761	5148	5620
4954	8374	9807	4357	9959	8603	7079	7120
4162	1014	4949	4631	2351	7609	403	1177
2735	5668	849	7509	3334	5327	6539	9234
110	418	8788	1588	3389	7394	5310	4726
2867	5312	3121	6068	3408	3800	888	1344
1869	5635	2429	815	9605	8361	1695	4714
251	2558	4324	8511	3314	2888	9560	7163
3218	3514	4262	9807	9409	428	4157	7997
55	6934	8002	160	7508	3897	8110	5161
4310	2146	5413	918	4993	4536	7132	5991
1177	4347	2980	692	2786	3832	3906	330
8416	6812	6863	9275	6657	5483	2587	4431
4921	1529	1619	6433	5941	7552	1005	1839
2796	5094	1068	548	4683	6625	1598	1134
6869	7790	7161	6072	8846	4110	763	2229
8348	6038	9612	1888	4418	1796	3531	2993
9400	8971	6570	1956	6527	5811	9853	4747
6235	8038	2449	8363	1308	9434	8386	191
9163	3965	7588	849	286	2363	3296	5179
4088	9698	3943	3392	8820	1149	5329	1219
2784	4914	5484	2602	9513	1380	7149	6088
410	3101	6292	88	5663	2041	8185	1892
1514	4689	6080	1705	6827	8029	790	1641
4681	8479	2424	1789	3290	5997	6259	1160
5182	9704	5869	1670	201	5023	5648	2485
7965	2564	2008	2417	491	3462	8792	6530
4113	1760	6629	1676	1303	8945	5022	7637
4186	9036	5046	6650	7761	3328	8166	2525
8787	509	5583	1968	2202	5759	1688	1916
3454	749	1613	8309	9073	2588	3339	4111
3767	2163	9508	3148	7659	7838	9572	5920
3428	1125	2788	6240	2308	823	1916	1596
2040	2563	4096	704	8767	7517	9478	2122
3069	1945	742	6982	8923	4023	9017	1722
2939	5240	4220	1305	4015	2547	2138	6638
6193	5915	9558	6800	9086	7611	6122	8767
304	4353	8877	2972	3435	7393	2363	1760
5772	7377	1181	4595	8478	4610	2989	7942
26	6012	8567	8019	2780	150	82	3432
3203	2990	4616	4893	8336	9067	4304	5516
5345	2698	1915	286	3409	6791	7697	8256
9666	1502	5300	7701	4496	7030	342	9707
9138	7575	5188	8121	6030	6565	1153	7930
507	2745	3586	5407	8184	9937	6238	1751
1857	1316	6306	7706	2413	3637	2045	3080
547	2738	1913	2907	6370	8633	6259	3441
2122	5617	144	3446	9988	9467	2873	5718
6641	298	7267	9473	5887	6265	6311	9628
9990	1873	5146	9656	2594	5665	1423	3936
2495	2456	3543	4931	5448	9825	8253	846
5738	4222	326	9566	6307	1940	2395	9891
3222	3424	3611	9026	5974	8072	8140	3442
4900	1319	8092	1662	4057	7824	2715	1879
6995	2846	1947	9038	6232	8483	6927	9837
8157	3945	3701	7890	8179	3651	482	1110
1918	2729	5981	6816	4621	5514	2353	6199
8975	2277	6012	4535	4202	8146	3362	9492
9540	9023	8936	3432	3165	3369	6927	3310
9835	321	2254	5772	9273	8586	1224	4635
2661	8495	2971	1306	6150	5694	1003	2595
8831	1632	1874	679	4825	3219	5610	8160
1619	1741	1621	6005	2685	776	2386	1122
6285	9714	3881	2523	7322	2272	9626	1479
5387	6316	2539	3942	587	6229	5127	9195
6460	6262	9684	7503	3099	6346	685	7243
3085	7652	6880	3788	4279	3800	3096	2265
8336	3698	397	4496	1044	4053	6048	2762
7426	9713	9042	8166	2912	4389	9706	9496
9014	16	9048	3644	2637	4810	9859	6155
8453	1294	4545	9369	1865	4082	25	6506
3196	7466	2711	6667	4599	3997	3136	158
5280	7548	2698	5928	6223	1231	8227	7108
2012	6087	8410	5699	9970	6688	9012	5578
4176	8886	2168	1426	6370	2783	5156	511
773	6320	3723	8157	8292	1209	2370	9047
4020	1407	4315	6915	9719	8849	5230	3049
2791	4130	9818	1311	7011	3801	4142	9382
7476	3847	7924	8361	9224	9158	4014	6445
629	1725	5809	4133	174	6352	3596	5324
9810	7825	7885	3784	5685	8124	6567	4560
3506	387	7993	4011	1611	4373	9039	1462
6241	1326	5944	4988	3063	7431	9140	6355
3053	219	289	6349	9203	6046	911	7991
1603	5301	2436	8717	3997	20	3273	2365
675	7377	1579	8353	2383	4503	6388	8370
735	5745	1463	5578	5774	3721	5688	4529
6168	6625	9831	4819	8980	1353	8680	84
7819	5118	6718	4184	8163	2127	8368	235
8328	7450	67	9543	993	8089	72	7562
1917	2796	7752	1017	6518	4254	6421	6026
7927	2511	4516	7761	9949	9635	4852	7032
6762	2855	4336	5709	583	3847	4269	9450
3578	6217	5314	5285	8721	3178	9006	3867
9942	1777	9123	634	8504	5256	5848	3788
6164	6935	3220	1388	8594	7561	1939	8198
5035	497	2706	8688	9344	8005	8211	7719
9724	1712	1445	520	9147	5865	5804	7285
5235	9591	1940	53	1586	274	9425	8604
5475	1670	127	117	7202	6299	4872	3198
6447	3119	1342	3554	9465	2413	2572	4608
8767	2190	8553	2421	7248	842	4851	9861
1900	7330	1970	4681	2402	4204	7309	5261
6143	1565	3083	5149	5255	9926	1101	6687
6326	9223	7911	1107	8787	4162	2989	747
3106	5458	521	1233	3668	9705	5409	8824
424	1916	3867	9393	9207	8947	6843	8647
8625	940	2044	9666	7207	4762	8299	5621
8662	3547	3921	4602	1130	1382	5470	5361
6452	6342	2831	9349	9186	4547	5374	8011
5391	3188	8837	9270	7936	8504	9508	4605
4071	3161	9970	7206	3206	9100	3931	7505
1923	3403	3770	5370	6057	9889	2818	9964
6674	2906	1494	9515	6004	2487	8375	3433
7589	5791	579	3627	9068	4530	4826	4876
7734	1941	1287	9105	8958	8603	7949	6650
9764	5913	5419	2744	3438	781	5648	1533
790	7841	7855	3462	644	6558	4548	622
2450	3338	8779	7023	9051	2958	6494	8854
7855	3148	3789	3398	7118	536	5082	4612
1049	8907	3595	2773	933	8508	957	2807
2556	3605	2860	7743	1967	3586	9579	3735
7666	1511	9668	995	4793	1439	274	2753
3252	2212	95	8044	7693	7182	6454	6652
6508	2187	2428	7817	1484	7029	1966	5761
8244	5998	8389	7835	8603	3905	8063	9664
980	3516	2396	1018	9083	2548	1377	6637
2431	8660	3741	8833	8245	6336	3284	3847
9128	184	4958	6522	5992	3375	7572	8560
8855	2896	9280	411	3062	6179	60	5066
6690	9657	6535	8660	4980	6740	3838	3167
7181	4045	7382	4977	1311	2032	87	5409
6657	7908	2988	650	15	245	8427	6981
1329	8511	3029	1935	662	1328	7768	8701
3819	6399	3388	839	9654	2549	3917	1931
7208	3564	3924	4231	856	2839	8528	9464
7386	4962	6357	4645	5607	5298	2429	9358
8642	7616	2693	767	5491	5541	2587	3915
7963	3535	2731	9179	6066	5616	5731	3758
4312	2850	8668	92	4307	4618	8604	8270
7686	1740	7240	2002	4146	2314	8466	8992
2539	6115	5849	9148	4138	3907	2475	1878
9723	8535	3463	67	5976	8492	2783	9234
8007	1904	8430	9284	1831	9554	4231	4565
9968	3714	8838	4932	6511	1894	9993	2070
4999	6485	5609	6479	3105	7251	4592	957
1254	2306	5135	7456	224	9888	6367	7510
8656	1492	3793	9722	6962	3146	1979	5725
2243	2909	1724	8028	2080	8980	6356	4160
3469	5526	5587	1313	5618	62	3764	8826
9009	6481	5851	7573	5388	4642	2583	890
6502	6643	3567	7401	5736	6860	9622	38
5191	9081	3056	9663	7613	4085	9209	3698
8282	2466	5915	5594	9691	1938	2432	3205
3255	7311	1831	9391	6943	2746	2411	2362
9085	3930	3406	6470	583	8546	9723	6639
7517	6425	3057	2633	537	1597	5436	1090
4005	8122	545	1390	3757	8409	9747	269
1918	9857	3283	8916	72	7143	2424	1794
4968	7678	8064	2290	4542	2868	2768	3255
4776	5315	2290	9678	6333	2871	8308	2795
9226	6066	591	5646	4738	157	1510	3605
8057	1952	6456	885	4334	5125	1716	7782
5188	7743	9974	9104	7477	7633	2075	6065
2810	9616	4982	3087	9556	4176	6917	945
2045	9418	1040	7210	2501	3020	338	8064
186	8530	9719	2335	899	6896	5575	9497
7850	3552	7124	2938	679	9408	1180	1008
8248	1690	755	6569	4814	9670	8389	6439
1926	3566	3670	9148	1191	2870	9794	967
7281	2844	2792	5025	8686	8542	7116	5536
1420	6800	3724	4169	4284	2933	9478	7675
3075	252	8935	7899	723	5740	6131	4560
6658	4503	9083	1931	9703	8893	9509	9543
1107	8392	6496	8870	2956	1646	6132	8482
1694	3590	6483	1117	5051	6293	9194	2738
4758	6213	2941	1500	263	1590	1677	419
2270	589	6298	7454	4976	7628	9464	5944
9336	3025	3410	6942	7272	4394	8100	2652
7518	4132	4066	4844	9330	9359	360	6809
4938	7390	5750	7854	4855	7031	7623	6155
6146	4687	9507	4229	5884	7404	6825	9480
3908	773	4947	3948	5556	5329	6186	1732
3615	1889	5134	8025	4380	2020	8922	5532
4686	288	4372	2749	4772	6361	980	4525
1509	1651	5670	1906	5412	5661	7876	6907
5724	4047	2018	1578	9148	8486	6911	1731
1	8259	113	4957	8193	3181	4480	9367
7826	8915	2029	8563	7423	922	8136	8338
4105	5604	6115	8953	3502	923	7605	1365
30	7844	6147	2161	8566	9257	9574	6785
11	5361	574	4781	6460	5262	1884	582
6769	248	5941	5682	3882	9759	4418	7264
319	4112	4602	2957	4799	511	5353	3857
1599	3907	7053	4822	2487	6535	595	8731
9890	8416	6109	5894	7276	3081	457	3478
8579	410	2362	2794	1939	1680	7113	7103
4649	57	3228	2439	1214	7958	8486	5440
6399	289	5218	2287	4316	685	2846	5691
1623	8898	6253	5641	1867	2402	5878	7097
1767	8228	7755	8936	1561	6099	4330	2753
8449	7928	3238	5959	9965	4993	6954	196
9197	8949	3618	825	5899	1912	1159	3027
1544	9712	7793	7606	4448	9014	4980	6351
1387	5398	343	2886	9204	8034	2850	6782
1941	9703	1902	134	3897	8799	2801	1646
3762	990	9928	9505	4711	8281	7609	5344
5192	8130	9499	8487	4697	7958	7914	7662
5858	9195	6519	4886	2278	2334	8545	9458
9188	4749	4266	7046	4912	3291	6613	2212
1896	8044	1029	5341	6421	6752	1597	2102
8754	1797	2365	4016	5044	5171	3129	273
429	7105	2169	8349	6257	1626	5854	5179
8472	6177	470	6218	9749	5911	7260	6409
1393	7150	2517	7039	861	8053	4584	4778
4901	3039	474	8337	4445	1325	6157	535
5901	492	2470	9915	7789	1221	6302	640
4113	4591	1482	7994	9421	3190	4883	1999
2690	5390	9758	5694	9245	3666	254	6143
5254	955	1606	6989	4925	1938	2435	2935
1028	8345	3571	5995	3485	4944	3313	1632
9872	5332	5946	1379	2762	7947	3544	7133
9756	3182	7826	121	4606	7831	7987	212
8052	8109	3376	2712	7960	5163	5955	3545
3687	8715	7381	6080	10000	900	1401	1099
5220	8654	8999	2312	6151	881	5189	3184
8717	9461	5913	5795	9479	2470	7753	7832
9678	165	9034	6474	7661	6845	4286	9049
4154	7114	8466	7803	9975	2999	1032	6296
1290	4075	9395	8023	9983	6909	8053	8298
7693	3445	7444	6009	9182	8900	1246	1265
7053	736	1702	2408	9642	7444	4576	2167
979	9394	1478	8037	4220	9718	6470	3000
8329	4898	7633	8584	1182	2586	6534	3099
9226	690	8589	6310	8843	9952	9722	8471
41	3356	9939	2583	2010	6043	1526	9146
8841	9080	1133	8208	3505	898	7783	2565
539	2970	8529	7210	7307	8502	3955	5284
9505	2075	2762	9493	2998	9522	9295	2309
2469	9046	3589	4099	9678	5006	5028	2461
7136	6857	963	8731	3949	7331	2887	3596
5501	9745	8240	4652	3473	3444	9382	9775
8211	9738	7327	3625	2779	8848	6060	7616
9671	9362	5475	7526	1707	3343	7608	8231
2966	3023	1596	5234	5373	882	5344	8054
2913	4787	65	1734	5932	446	1511	3279
2480	1564	7826	3816	439	7172	6261	57
9051	6395	310	6567	4983	5596	2073	2885
9824	4568	3738	6182	250	4247	4723	3170
4693	6972	3810	2994	8228	1171	9807	2041
2609	2447	5304	2033	4725	1558	2345	4714
1603	6021	3526	108	2139	1243	3121	9699
2034	1659	8374	3374	1936	5712	4037	1541
5777	1383	1191	7306	5649	1688	4432	2120
3264	2848	5442	109	8630	2719	2643	3639
1594	6723	7538	9767	4020	8536	3432	7180
3183	7680	9323	4798	2582	1953	582	984
4316	7986	3203	4241	8102	240	2202	9035
7556	260	6888	2380	5916	4807	7108	4308
605	7489	4177	7549	7170	2802	9354	7334
6007	1426	5860	9831	3934	8143	8112	9199
6588	9052	6580	726	8503	3502	4056	267
9573	2627	1871	4413	7337	7186	8223	386
4920	1209	8450	9005	2307	4550	7800	8667
4771	6573	1053	5934	5587	985	3473	4314
8186	2347	6153	307	4473	9834	6454	8920
1207	7667	8561	6183	1117	1378	30	5497
3439	6321	8937	4894	9653	8921	9145	9951
4278	9670	4286	9841	2045	3214	6291	41
6907	8975	9976	6403	7016	158	4647	1127
721	4842	939	1589	6213	3828	1464	6141
8182	9571	9481	6738	4091	6125	3903	2804
2211	62	3905	3964	876	3258	2071	2589
9563	7647	8669	3947	7608	5579	4348	7456
5099	5064	3656	4137	9669	6992	9246	8310
610	4028	9358	8830	3325	3887	1486	5082
9221	2850	6900	8638	8324	1648	6554	9689
8862	8737	5147	5690	3310	6423	139	9346
1810	4275	9108	2058	6311	5836	6155	8601
7185	451	2122	569	3667	3043	8460	4468
8823	1153	7925	6228	7900	6907	5525	1844
9485	3534	1022	6007	689	8905	3419	5101
6624	7415	4969	6424	6838	8768	8538	8166
7796	4311	5043	5837	5553	1826	2526	2247
1746	9714	8467	5031	5323	1736	2031	6370
9067	7816	272	5445	6833	5050	422	4
4902	6653	1454	7636	7178	5442	5240	3622
7278	4711	7892	6404	4761	4618	9609	318
7242	9508	7395	3913	2918	3104	9917	843
8484	1662	1058	7987	7070	1088	1814	1940
5672	6149	1030	9606	2051	5059	9304	3748
1833	7684	1090	5033	4090	2562	6575	6132
1406	8279	6954	9099	2599	2674	4069	4412
6718	4306	6576	7271	2558	8908	5818	7328
3216	8949	1302	653	7770	6639	9540	2490
5333	148	6702	4284	3556	1004	2238	9755
8425	4762	4982	3843	8999	5473	8837	9032
9577	5433	1236	5960	6491	4622	6362	4635
2448	3515	1984	7340	7585	52	8997	6844
3363	7208	1388	3653	1981	4766	8243	4840
6642	7777	1024	9868	4556	8910	8399	9367
9724	9602	8913	1647	3460	5788	2638	9891
335	3787	5992	4031	8742	4198	5921	6263
2307	8006	8460	5282	6670	593	9311	4946
3225	984	3924	1493	6498	4148	4757	4308
5954	5052	6090	6603	3144	9949	6433	4640
6091	3673	7247	1462	7350	836	6456	1646
1593	9990	774	8664	7110	3197	2701	3845
7692	4748	6557	4955	9810	8744	4475	8763
8714	3897	4685	9218	1121	9631	1278	4253
5614	7802	3040	7497	3659	7315	889	9566
9132	6040	9544	7210	7586	2739	5020	9333
204	8577	6324	5620	4875	4910	3979	8416
4015	2484	4146	1705	7410	555	3383	1583
5116	1791	4270	3205	298	6678	7582	5261
2021	7922	8164	3006	181	3770	7960	8675
4501	9161	5431	8864	6418	6954	9478	2692
2362	107	1707	9963	2037	4274	7053	9696
2595	8105	8588	5534	8347	5956	5956	674
4433	1432	2556	9666	8342	2642	6777	1126
4173	622	942	3126	5480	3448	8932	5440
3327	5628	351	2676	927	3684	742	3314
3591	516	4350	9567	6845	7079	7790	7142
5567	4259	4678	6336	6450	2855	6392	2522
7281	7304	6	6230	4678	2726	8609	3572
8616	4156	6221	2230	7541	7333	2598	745
5193	5579	9275	5736	9644	8619	3209	8945
6858	2703	9830	1557	8658	3039	3220	3942
9145	8687	1684	6984	7655	3078	8668	1901
6	9851	8221	2749	462	1294	2289	5663
6605	1552	6750	1551	6612	5058	4346	8895
3310	1558	9596	3123	2492	6035	9727	394
2661	5845	6975	8203	4095	823	2181	4790
5682	9808	99	3484	7463	9596	9056	6755
2097	7460	2636	9689	6238	4592	337	1678
1964	3909	9724	1028	8984	6118	2153	4679
8050	440	8424	7508	9370	3616	4569	1850
8294	6349	9423	6327	3122	8036	2617	2756
6179	1093	1063	3764	8039	135	2920	361
7398	1039	1774	7801	8242	1396	8406	135
4059	5605	768	2738	8663	1522	6305	8903
8101	4199	7775	5590	12	5723	5323	9541
4267	3238	2934	3545	2689	6707	8104	5114
9323	4649	2189	4899	502	4293	5842	3557
539	8009	5296	9794	4927	4205	3889	4658
9508	2482	5828	6836	8594	8034	5883	3403
3775	5746	8522	2270	9078	3375	9927	8995
2101	5984	9084	1173	7759	1373	5010	3499
7977	5592	206	6562	2643	9870	995	59
3883	1786	1724	9994	2440	2697	1404	2714
5678	4592	106	4894	2579	214	365	1014
9336	7901	8187	3823	1982	8000	9083	661
8947	1789	8326	7647	9261	4822	9905	4209
2853	6787	7854	1899	3914	5671	4978	6782
6135	5401	4145	1616	3914	5374	4791	5260
1285	8624	3309	4522	4627	6063	6290	6012
639	3412	8382	2758	2490	8034	9537	1407
9211	3981	6728	8146	8817	6835	9582	9148
9245	6540	43	1724	1886	6655	8523	4049
4431	6556	4297	8489	5142	3539	4796	7722
20	9919	151	3656	9072	7112	1654	6259
2274	5355	5385	9299	2032	424	6545	853
5860	5338	8895	8471	1607	1640	5848	7432
2876	8181	9214	1713	132	2511	3734	4841
1009	6019	9669	2311	5252	7121	1347	9543
1317	8567	5803	8662	1325	9212	9788	6751
8686	9515	6782	1194	9011	1279	1986	5502
6774	2199	881	7469	6708	9399	3576	2043
3494	9887	2030	6991	8981	6584	8393	4331
837	6912	2828	2076	8180	480	6568	4516
9734	4877	1851	7456	8735	8295	5927	1500
3558	9656	7621	3330	25	6948	8025	7470
5030	3579	730	793	4062	9845	4410	6992
7566	9833	3681	9568	9684	4663	3690	6855
3042	5013	3613	5976	4526	5393	480	7895
3652	9043	8395	8557	7302	3044	6871	8950
1358	9143	7030	2938	1876	9468	6403	6097
2509	3208	2538	7237	1531	9411	8538	4552
5483	4644	382	2168	1992	6367	7439	2980
9371	763	9418	4186	4512	5895	3309	4346
3042	4690	1703	8423	4520	7007	7557	5146
1124	6188	5958	973	7573	5311	8920	9044
3171	95	8986	7068	9902	2969	1371	8196
7770	4057	4492	2421	3892	8365	9626	1068
400	5427	4476	4204	4455	5809	3209	81
9765	863	4120	5333	2988	6861	7213	1764
1468	7516	6171	6066	1306	1512	4100	7569
154	7029	9462	7039	3808	8209	7486	231
7669	2440	9765	3331	3626	4310	9682	8615
8844	9657	8202	5543	6511	2280	5409	6923
4381	7866	6872	4618	6425	430	7936	2810
3606	422	9736	7017	4382	3729	3803	3892
6004	8272	3591	4985	8775	1970	2955	926
4219	2240	4414	4513	4100	2908	5889	7772
2984	30	1112	2010	3190	4606	3650	5082
5894	3012	9579	2745	8952	6983	5994	340
1282	7303	6789	7358	8260	6412	2897	918
8853	1214	7105	7767	9675	5706	9764	3788
8938	3955	6694	7767	6941	3136	23	1404
9246	2632	1591	5497	3105	7647	1375	4357
4735	1157	4519	6683	6350	4819	3563	6208
5485	1719	4466	3279	8097	7223	3618	7102
4817	1605	3322	1437	9961	3925	6413	3646
7432	5671	3396	29	1283	8944	412	1886
914	2141	8089	3622	8285	8482	8055	9789
1386	4616	7417	14	2753	7542	6619	4480
9414	9331	5762	444	9208	1349	3966	6687
3377	132	8663	6422	4089	9094	6820	4942
4167	6038	959	4134	3760	6864	6096	9519
6675	1492	9525	6670	3968	5238	7685	7235
478	1006	8505	7213	2995	8296	1565	3491
5873	8347	6862	3597	3060	7335	2074	8463
5514	1682	7086	4248	3200	7832	3942	1922
1388	9626	513	4886	2163	75	1756	5862
8916	2289	8900	7482	700	3446	4051	4720
5143	1956	5872	2984	5714	5472	5254	5287
2130	8445	9523	1847	4974	6945	2408	3393
7858	9938	7306	6719	6527	9048	1452	6407
9121	575	1352	4626	6918	1311	2809	3552
2872	1591	9326	8335	2350	1354	8067	8373
6578	3635	5641	42	5668	8528	9819	8776
2742	9236	6601	5309	7887	6136	8247	2242
5548	6391	6586	636	3859	9223	4854	187
1560	5454	5659	7218	6856	3093	9796	12
8007	1237	8955	1340	3780	9413	7055	797
9919	8752	4139	6217	5950	6874	4304	4275
8847	2145	7211	9866	2816	799	8287	5538
6765	1575	328	9443	7070	3776	7742	9329
4148	2386	3128	8460	8331	888	8841	4282
8077	863	3251	5133	2555	8911	2522	5003
5474	2661	6965	6127	9376	3900	7363	4127
1870	940	2818	7257	423	2515	3406	8638
5855	9200	2657	5286	6085	6714	3250	394
1328	1166	5789	769	831	6178	5949	4108
4840	941	3634	439	8834	2099	339	670
3569	4079	6618	9543	2922	7351	4877	391
7199	5568	6964	1675	4040	5258	3380	3663
6497	6407	3863	7417	5628	1915	3994	7116
8271	3996	8883	744	5057	7507	8132	7371
9891	5542	6329	1642	1965	9188	724	8332
5646	5105	8557	6926	9605	6086	2305	5336
716	57	1638	8212	8639	7299	1254	7587
9917	9447	5117	2988	8411	1980	8261	7265
2389	5240	8125	7866	6231	1477	7161	2315
7156	503	3194	3453	3056	3234	7588	4090
7959	377	9161	8897	4355	6128	8623	5289
6516	5148	5844	6636	141	5813	6226	1557
7259	9588	2306	5380	7256	7335	8765	7475
6054	4798	1810	8700	9024	2755	6639	7966
174	4844	3744	7174	1881	2025	4622	1188
6059	3998	3432	5734	5479	3212	8110	6433
6154	5265	1193	3167	8291	1810	5631	5712
839	5458	2660	8687	9119	6268	724	5796
1947	4270	7097	9892	6806	6884	6418	9219
439	1019	9580	9548	240	773	2705	5200
8320	1611	3842	8566	6613	972	4971	1264
317	449	5418	5080	2180	8937	6442	5712
6401	8408	3332	1883	2569	5907	8873	4630
3339	848	5718	4749	6716	5128	6504	2792
4870	1264	380	350	9054	1075	6310	2400
2683	7159	9807	3204	5429	640	4928	7031
5248	1536	8315	3905	8578	3638	937	2451
7929	7276	5838	17	3793	954	359	2794
9948	9753	4210	7360	8368	5155	3136	1517
7281	4455	6890	9184	8578	309	3815	3075
415	3228	7217	1449	1485	3854	9499	4652
2746	2016	8870	7731	2327	2927	1310	2881
490	4519	6602	3953	6886	5586	9166	4745
489	5511	4759	843	3670	3303	6444	9899
697	2924	7763	4410	1252	3197	906	841
1116	4735	9699	1418	3862	2954	7825	4423
1002	9418	1379	2997	1931	5984	9668	5523
3589	6674	3079	7704	806	792	3574	5798
3580	8918	1920	9831	8589	6293	2746	1592
2189	2610	915	619	9587	1011	1792	9638
4915	2246	2029	582	9301	3991	1240	9458
7752	744	7390	1079	5444	6187	8656	9839
4555	9289	1173	2613	3754	2917	267	3769
7632	2181	4378	6967	5770	101	1007	3191
1959	8516	4976	7881	84	6252	9043	1254
4751	9683	1039	411	5474	2640	241	200
9564	8325	264	678	5393	670	4430	9581
399	8205	5859	8278	3810	1047	5647	6465
3552	1812	8712	2708	946	521	7593	1902
2840	5809	72	4421	6058	344	8114	6842
616	4476	6974	7842	5057	4669	6782	7558
354	4338	948	8902	3520	6896	2458	7138
4655	1049	4704	5628	6605	6200	3402	8306
6807	9188	7085	6636	9542	8594	9994	2567
1208	872	2514	9144	7579	5932	9767	8532
5884	8333	3375	9503	5049	7211	5503	8779
6759	1652	4727	230	373	8373	9066	564
6388	5731	2428	5075	3690	385	2868	5844
7609	2974	359	5420	3440	563	5498	979
160	3399	1510	797	6529	4631	960	342
2244	3942	3843	4952	8179	7511	3117	2745
2928	168	2147	792	124	2272	7373	1003
6696	7673	4807	5444	8883	4729	6591	7136
7378	3174	1183	8086	5554	8748	6019	9832
1460	2811	6333	1980	6783	6338	7306	2507
8197	222	8308	1505	51	9174	721	4857
3343	8663	7975	2068	4965	5514	3883	7793
3554	9353	1565	6349	9591	2766	9650	9407
6594	8161	5153	3406	9907	3300	554	6794
7480	9868	58	2803	6772	6712	978	4333
8639	1897	8646	6955	3833	9571	8402	2028
8328	1021	2466	7077	3392	2716	1705	2837
3882	3414	3932	7149	7635	5061	1055	1629
2650	8140	5919	791	6014	1571	574	9773
9761	681	8720	2775	1277	4112	7489	8963
5714	5551	9407	9295	9376	3317	1501	2328
8960	4723	9361	5649	3827	1390	2194	3419
6365	505	3617	9457	2504	981	7082	7874
9284	807	3354	9322	2744	675	6475	7733
1683	4705	8115	154	2255	9829	587	9280
3197	1591	3100	3245	7472	321	8760	4216
6591	3713	6146	339	9331	9602	2319	591
7880	7297	2525	9117	6161	3109	8011	6325
4200	5819	5036	3401	8164	4184	9872	71
7752	2632	6237	1693	9978	7818	3386	3567
1820	3037	142	2303	5805	1354	5922	2194
5000	3578	5311	5430	8844	2081	7903	3032
2285	2687	5283	9025	9655	4136	6130	6117
4752	4930	4871	4336	9659	7044	2088	1388
2513	2300	1185	9623	1090	2651	5949	7495
7175	8880	1895	6356	928	189	1926	6222
9033	6982	4065	1210	9577	5212	6248	423
6354	5118	6734	9296	1207	4353	3791	5778
3288	528	1967	8550	5430	4055	3999	737
9664	5797	4368	8266	1293	1933	8431	9437
7005	4127	7822	3275	3854	2473	8162	722
481	3626	8035	5599	4548	4808	2410	9987
546	4854	5562	5344	6068	9010	5582	282
6881	5643	3615	3634	3336	3123	3463	5219
494	9264	1847	7131	4238	3329	3977	3991
8485	4565	2246	7069	6973	4759	2544	144
2885	5974	8260	5373	9791	3704	9504	2941
8667	3543	8635	7070	206	6472	1714	369
4245	5261	1999	8418	6828	511	8380	9827
5733	4968	6894	2505	667	6211	7356	2490
535	2106	6018	4851	4404	3246	4328	3665
2339	9055	1702	293	4372	3664	7711	302
2650	2748	1824	6206	3799	4687	7264	9271
4498	3598	1607	8101	2013	2622	5379	723
5838	2989	7529	1874	4886	3338	8995	9800
1055	8161	2094	746	9810	6816	1616	9144
6953	2981	1607	4717	4538	4695	8130	9692
1309	4306	7040	9426	1681	8011	9683	5344
3043	7783	1251	4929	4363	1084	6750	1358
5835	5696	3771	992	758	634	5417	9561
9490	6987	4174	1541	8177	2381	704	9023
5949	4930	3673	6684	2475	5852	1970	1205
2937	9185	490	9487	8120	2440	8590	621
8741	1401	3465	5355	7903	423	7049	3634
9843	1340	3888	4552	6491	7570	5228	9507
9726	6285	5839	7705	3328	9302	7971	2234
2854	5488	9695	4195	3688	4885	5045	4791
6909	1636	4230	1616	116	4571	4221	6741
7983	8578	3089	8106	4379	4330	5835	5545
1054	6945	7630	9199	5444	7148	8371	1352
5737	5803	7165	1539	3054	4608	537	8097
8304	185	1449	7561	7069	2514	572	5253
772	2809	7728	988	1623	1233	3406	2582
9829	1727	660	3163	7041	5241	7960	1265
5661	6089	9460	6133	9719	4028	3444	9706
4588	2696	3897	8105	732	3764	6529	6980
2023	8894	2214	5174	5633	1795	7592	77
5521	9005	2674	3666	3840	2341	3526	6383
7583	8341	810	6059	4235	4926	1355	5045
2409	1712	6289	7075	2986	4851	2981	5699
8676	2438	3420	3269	5731	5152	9342	5467
1266	9034	5289	8583	2648	274	3265	1489
7745	946	7113	5846	8314	2773	3864	2267
565	4075	7604	6856	6015	5059	8760	7031
7311	2121	404	8597	9584	1395	8302	6257
2522	2285	2266	3456	9492	4254	6250	2791
4295	1686	9461	1533	4485	3326	4921	6866
4020	9952	3127	4456	7147	2534	3095	5868
7626	1924	9873	7195	8806	6113	4476	5615
8636	8425	899	6078	3074	4365	1217	1892
4175	5435	557	4452	9275	9242	378	8987
3988	4255	7380	9273	4639	5413	6774	7322
6941	1629	6990	5915	4591	3325	2752	8825
428	9242	9809	7608	4433	1752	4957	5182
4651	3680	5948	1394	4340	7629	9163	526
9431	8313	9851	2658	6830	2083	3634	281
6095	1690	8788	8802	588	2221	2866	6432
3001	1	4801	8755	8030	3809	4234	4848
2901	4657	8833	3963	8230	7929	3646	7965
1728	9164	3528	5590	2346	7498	9301	4480
7634	1523	2305	1180	3250	4420	8474	2128
1688	6400	741	5608	2757	3239	9805	2233
318	4034	693	8377	7938	6468	6822	3795
4013	3031	7067	3976	1796	6507	6269	7440
664	2381	574	1266	7276	4181	3469	2900
9861	5210	6008	8557	277	7540	6114	2177
4763	1226	9226	7215	86	1803	6369	3255
8442	5506	6872	4702	5519	2403	7499	6052
9602	9693	675	9044	545	6438	5859	3234
5044	8618	9142	7192	18	6094	4722	940
4924	1186	6671	6037	8692	4413	7253	5480
4281	5176	851	6140	6734	3103	7023	8253
4981	7685	6415	8010	7660	4013	9964	152
1172	1037	6461	7477	4276	3183	9681	6404
2323	4415	3246	6169	5104	4911	6770	6228
2678	4122	7532	3114	8095	487	2133	6736
1279	3769	7698	4178	8848	7271	6891	1300
7313	4587	2251	5349	8892	7447	9832	5710
4074	3624	9577	3351	2374	4621	7286	913
3908	9853	9810	8179	6449	6156	5338	8720
2086	7435	8866	8771	6646	7324	2319	3070
1425	1569	2629	639	9358	7362	6657	5508
8559	6626	5670	7493	3100	7192	5946	7396
4381	9827	8216	1205	1980	1779	116	8429
4544	4319	7883	2756	4740	1792	5852	6840
7380	5442	1999	3229	6810	3805	1520	4841
788	9796	653	1396	1349	7908	8931	67
1522	3457	8975	5346	5135	398	7624	3178
3024	1081	4443	5312	3836	5899	2858	2424
9220	1966	9371	2510	5690	6003	8479	5460
4776	5554	9545	4262	8493	1892	6015	392
8456	8659	2539	4105	9234	3568	7348	7761
2013	9508	9259	3707	2736	144	3697	5372
8426	586	7870	6862	8369	263	2620	8595
8827	6642	862	1833	8744	6427	5294	9040
7676	1749	2175	8809	3345	2653	7456	8401
2499	7125	3035	7224	6072	8304	2780	3104
2961	2356	658	6493	643	7109	2672	1295
793	9394	6612	8069	1276	4568	4506	3218
6796	603	4445	2863	3038	8768	6469	9201
6656	9727	5347	6216	4403	3099	8329	318
3598	3461	3194	7113	9760	6278	3468	517
2745	6688	7675	8210	9415	5865	7571	8454
6904	221	5571	8592	9247	4008	9919	9413
1969	3235	9061	4486	2300	7427	5357	6776
2174	2935	8184	7778	3706	6407	6384	1026
1513	2971	2879	1713	5807	362	1827	6306
721	5351	3389	9814	9515	5696	177	827
6011	2537	6907	1552	4620	7116	1791	7357
3305	5153	1193	6456	7536	2350	3739	4336
2468	5298	9231	5681	9017	6596	8135	110
9087	7867	6474	3107	3279	5796	2701	4090
5131	7698	6742	3473	9460	1544	6250	2433
8702	5642	6785	6165	5866	7944	6887	1767
5231	7244	209	4272	1047	4685	6677	3288
3372	5891	4907	8932	9606	8800	4286	4864
9020	5880	3841	4536	1517	5721	3896	6826
7095	9792	5294	9017	9657	4087	7034	8048
7014	3259	6380	1448	2308	2802	1651	373
1547	182	8383	8952	699	689	7677	3708
5413	6443	4336	2413	6672	8531	31	1254
1084	2954	5659	4814	7688	1718	7610	4551
9314	268	9086	7066	9009	3866	5243	7479
5832	9070	2777	1297	9314	517	4250	6149
8505	7271	3845	8146	5545	7366	5206	1406
7832	1836	5414	4527	6838	5334	3866	5081
967	574	5161	6980	6766	3273	3808	9694
507	4874	7656	3854	6792	823	1408	2492
1386	2294	5096	1971	508	1159	2195	4254
2990	2167	6834	4792	2749	1415	8803	1495
4345	7387	8982	5031	3132	9161	6284	8905
1903	5087	8311	7455	1092	9945	8902	5959
7390	3459	5046	9543	7848	6055	6446	5336
8111	6135	2049	2217	7736	6907	2420	6141
1385	332	6087	1825	8133	6893	1962	5163
906	7594	5331	5337	2134	4960	6061	8431
5718	2427	1918	7095	7117	4935	2983	4487
7067	4112	621	9141	5227	8897	4847	6242
5621	1198	7196	3362	8884	1030	967	3273
4032	6040	4458	2904	8502	301	8128	9080
6215	1554	4078	7647	3102	9027	1401	920
6619	7084	9452	9879	5904	3914	4045	9879
6545	6955	7424	3572	5682	152	5575	5556
5280	7136	1873	2736	5488	7530	1376	604
2667	645	9855	7875	6603	3976	5325	6498
2769	6072	5098	4668	5880	4787	4229	219
9314	5358	4588	8386	2003	6211	3141	7265
9695	6030	1377	2306	2424	5362	7013	5314
1477	9542	2537	1839	2659	2563	3414	3768
9831	4948	3519	7202	9785	194	5927	8445
1013	3702	670	482	6788	5519	405	1186
8089	2684	5621	3062	5279	1891	187	3353
3192	1984	7660	914	9853	2997	3132	7569
7329	6343	5454	4256	6934	5688	5249	6660
4901	5432	2466	2008	8346	9769	8992	1511
736	3770	4031	8691	4312	8449	2553	7717
7469	1895	7280	4458	3459	559	4866	3473
2626	9949	8240	9877	4283	5858	9397	6261
1894	5569	4157	8521	785	346	2863	9803
1932	6904	701	5429	9843	647	6010	7873
5914	7695	3148	1315	3910	6061	2835	5407
7893	9636	1773	4783	3351	8548	9699	5573
6661	2310	6504	5702	8570	2477	4041	8158
8085	4750	3640	4964	5510	607	991	604
7292	160	6785	4043	2744	8756	9707	5988
2373	6592	5215	9025	5423	9010	8615	4273
2066	5246	4860	3576	5192	1164	2222	3829
1293	9459	3854	453	3095	9492	943	6999
6560	8028	2188	7767	2046	4394	1871	8354
7921	4179	2447	9351	2508	1524	8018	60
2214	3188	5246	6095	6720	2859	2883	3070
7013	2270	9983	5397	2469	4945	4722	7294
204	7916	4428	7404	5040	9725	7964	1323
3566	1767	8924	1175	3617	6204	5942	6530
2923	4878	9943	8242	1712	2918	9687	5529
469	5009	7116	4992	7789	10	10000	5605
7749	4862	2147	5655	2183	2434	2553	1653
1100	9590	5575	4771	4842	2159	56	3310
3450	1800	8564	1758	6262	4006	1332	8732
1072	5878	2948	9562	3933	7374	2594	7355
1284	8758	3235	5692	5818	8484	2661	750
4345	2979	7256	9467	1870	9635	388	5200
9971	5242	8713	3335	1483	9861	231	1981
2735	962	2440	2531	7101	779	4842	434
5923	4930	8360	1994	4054	3531	8764	6869
8130	3644	9434	3412	5714	2759	1009	1405
4451	7202	5527	7997	4947	5609	8290	6270
3948	5012	4590	6600	3270	4622	4816	4695
1237	2114	2654	4139	8693	3542	8946	3392
4167	1840	7793	1680	4971	4158	8789	7792
105	3927	3300	8576	1511	6866	970	3367
9083	8319	9520	5162	2337	3285	9664	1945
7086	7719	1521	594	9672	4807	7891	9513
9859	3296	7338	9330	5331	5132	6023	4307
1174	2592	5011	7197	8660	2151	4915	3433
3976	2256	9609	4896	4908	5397	7054	4963
5490	9742	7411	3455	5517	3503	5262	8921
5178	9786	8109	1592	9037	3534	5462	5171
4430	6	7541	3413	2030	5789	5284	5017
8021	937	2636	7379	6105	2215	5370	8348
8857	2430	7566	8757	7695	1153	2998	6682
9997	4392	726	2913	1349	8653	2669	1047
8239	696	2262	3044	4164	9220	9085	1889
9397	2848	5936	8110	4160	1839	3277	7847
7549	2489	1878	9242	7625	4132	5250	9072
2314	7470	1959	1208	1280	2383	6462	2224
5967	1785	4699	6821	8319	7932	9162	7639
1296	3250	3706	9572	5148	9616	556	7268
3472	9329	7076	8753	9891	3885	6643	1863
4006	824	9998	7847	2185	765	6220	796
6079	7992	9794	7895	776	9338	6877	7449
4516	8470	2316	2242	6367	556	8425	7050
9704	9994	5436	6152	7421	8856	1620	8152
3709	1132	6519	4650	2575	2011	2669	2677
3536	355	9051	4223	5191	4380	8407	5054
4274	7315	6987	5242	3778	484	484	2301
1278	1195	9133	3195	1362	4716	5579	358
7839	4070	8872	7904	3031	4924	2971	9883
4830	5939	1710	3942	4263	3023	2913	2093
9509	1112	4030	3568	6070	4230	5721	1617
5621	5753	2056	8849	1657	4729	8487	9607
6353	7953	7267	2021	9236	3924	1595	514
3184	4785	3793	2587	4107	600	5029	5847
7239	8374	7702	259	2965	3805	2751	6870
5464	2031	2520	9977	8675	6963	6831	8520
6811	6056	3948	2343	5580	1529	1361	7352
6815	3960	4022	3283	2552	8974	6930	1567
7269	9108	4680	716	8398	5715	6877	1602
2748	8559	1677	2715	549	795	4732	7042
9562	9987	1216	3957	3672	820	1315	2570
5791	2954	4491	1384	1304	6178	5448	5765
4227	8303	3004	4171	7322	116	4878	431
7902	2215	3932	2456	1710	9212	7951	6872
5500	2902	5552	9349	2464	9139	4390	3262
8391	1094	4460	1822	5714	4122	3799	8708
6788	9350	3276	790	8663	9432	872	5973
2458	5109	9976	2241	106	2642	1007	7287
5391	1519	1880	363	723	2811	2673	6177
1935	3024	4780	4133	3627	1915	8172	5057
2857	102	2688	8901	6198	9400	7537	3399
7435	3446	3868	4831	2487	332	1717	1101
7156	5361	9114	2455	4878	9401	6342	8655
2980	8459	8410	281	9101	2554	3189	8621
9927	1931	2209	4458	1727	145	1025	557
5795	2915	5429	5277	6937	5474	8825	9071
1628	6175	2718	9529	7335	7141	6904	2414
2252	4914	5487	9902	550	4139	4400	9030
3376	7298	490	5874	1670	6242	5105	8496
5522	831	8566	4140	8228	2240	8101	959
5441	3147	909	9278	9606	7287	8498	3231
4472	5173	2082	4407	1138	8459	5162	283
6101	1654	5892	9836	9718	7500	449	9368
3159	3250	1930	5869	1163	3696	7491	5620
3032	5078	6933	8189	2613	1104	3568	7489
6697	1087	6139	7757	791	9107	6191	6329
2927	661	5281	7299	9058	5739	9900	9001
8184	425	1271	6335	8358	3850	3927	7683
2504	2626	2510	6820	6365	7163	3209	3092
3036	7030	4116	5348	4710	8374	9331	4545
5657	4444	20	9075	9069	2154	4462	7822
2227	7991	1029	3011	6460	8785	3070	2380
3963	6527	8365	388	4616	6519	4276	2872
1155	6841	9857	1253	4402	7190	1490	3103
3950	2365	3863	9292	8059	7098	1104	9785
2844	2942	5946	3096	2323	9277	6306	752
18	2748	1410	5274	1603	6938	9779	5437
7649	8621	2809	4544	110	1474	9829	1294
6906	5550	9548	5804	2707	7356	8973	7739
301	9910	4091	500	1326	906	5573	4932
4015	9125	7089	5926	116	4363	3120	8230
1455	4252	1720	6025	3208	8566	5499	7079
9590	2925	6347	6670	7609	7955	7269	960
9547	6323	142	6346	159	3470	9381	8499
9992	6523	9558	7708	1449	7534	8187	5143
1895	8378	1599	114	7596	6379	9583	875
1888	612	7247	7348	2048	9772	2379	990
9877	620	2841	2256	7728	3743	3968	9753
5527	2964	5814	3678	654	9693	3449	9189
1798	9120	5620	5762	5545	1864	7916	7788
3936	8975	9473	9639	7330	1828	5182	4395
1711	6931	9516	8831	6203	7804	69	7451
2861	292	9934	1447	6474	1787	6019	2938
3119	3102	9974	798	7357	6291	6962	7145
1886	994	1256	976	715	5404	779	4564
6710	7106	3989	7931	3261	8296	8293	6166
6791	6575	5510	6221	2142	2660	7746	4003
9078	6008	6561	7316	3744	3609	168	4068
7995	1414	3910	3227	8317	567	702	9815
8556	7572	4975	968	7798	7947	1102	5327
9908	2606	893	6405	392	5731	5945	546
4413	9275	9873	4964	4225	1861	149	5942
645	1984	7212	1706	4682	5882	9429	9193
2244	2581	8535	4358	3379	6891	9004	5193
8630	6302	721	4162	7162	8307	9423	2064
6901	153	4860	5795	5851	1373	1415	5811
6388	2072	1241	8575	4254	4825	6626	9704
8548	6372	6261	8296	7650	3694	5226	1613
7859	9341	9430	9657	2313	3916	5331	7040
4111	5692	4275	8817	3324	878	827	2385
174	5636	3428	6791	9148	1317	3159	6076
7519	376	3508	6529	4281	70	3973	7123
3855	9622	9232	8462	2124	7833	5656	8442
5956	3302	2541	3882	7020	6442	7503	5409
8311	1766	9609	513	9818	6589	9537	8285
6947	3455	3652	4192	1594	2451	1335	1861
3096	917	2975	5908	7499	5939	9284	8755
2990	554	3351	5005	8108	8234	8535	9415
8448	3782	2507	1569	7056	957	5123	7087
4697	3180	1617	5979	9314	9248	4581	2710
4685	4866	9171	4578	6412	1684	5070	2617
4215	1795	8952	1111	8174	8341	2939	9737
8818	4152	5660	3523	8600	7193	9896	609
9813	2001	8206	8959	2375	4554	9459	8616
4802	3659	5641	1544	454	8781	5187	4970
717	7837	6504	7964	5373	9223	6045	2099
6514	8570	4832	3441	9732	9141	6202	7141
6636	92	4410	2769	9513	5473	3951	2654
598	4012	5503	7148	2715	4137	1315	9515
7249	8767	8571	3873	5804	9890	8327	818
6408	3775	6048	6321	2341	1688	7174	874
6198	8213	2049	4051	8951	9659	3480	6221
6650	4308	4004	8393	5289	9493	7511	1366
4538	1357	9464	9415	3681	1704	3459	4282
7594	9751	4708	584	5958	8647	5960	4645
6730	2954	285	9547	5359	8580	1978	8325
5632	5134	6792	8652	2156	7698	154	5598
4967	6611	860	1507	1770	8354	2430	2708
8956	4332	5770	9831	7305	8403	4921	4816
587	4786	4390	7854	2861	2031	1218	9831
6664	8399	7217	8068	3141	9979	1991	1414
6970	1394	7224	6523	946	5786	621	1872
1007	8722	5728	6547	823	7892	9836	1879
1642	8631	517	8215	7258	579	1083	9106
6859	7914	5205	1555	6922	5434	9001	4148
5029	9288	6370	3308	8097	7655	6976	9119
3645	5068	1444	386	3266	6589	9929	994
8866	7757	6271	4423	2885	8473	3455	5096
7793	5643	5287	678	7674	1487	447	3455
8911	6691	8640	9014	3037	5170	3517	297
405	16	8027	8338	1881	3336	5633	2088
1835	7293	4107	8612	9854	9103	3501	6232
4681	3147	8516	6715	7548	6509	9893	4090
3437	524	8953	4066	2422	3412	8705	5290
2055	195	9585	1770	5857	5832	2023	7889
7598	6888	467	1415	5058	8311	3719	1081
8533	6935	625	6818	700	5333	1168	397
9179	2399	8003	7823	4266	9860	8081	8421
3121	5523	4542	5678	2337	1382	5442	1791
558	6525	5206	8149	9450	5785	4657	9429
1929	4706	6489	5539	1389	8888	7927	9930
6418	174	3254	8923	3470	3994	9002	332
5441	3392	7875	563	7996	5654	8994	2921
4310	586	7656	6576	5697	8988	3287	6008
7419	270	4731	5345	7219	377	3932	6000
6397	6597	3500	1568	6982	5796	1929	1195
4978	3156	5798	7740	4677	1507	5522	8856
8792	8813	9720	8834	1211	5015	4895	5387
6382	5014	5509	9733	7804	8972	2222	6367
2459	7903	8804	5234	3330	1158	527	4171
1534	4055	1076	9979	827	3472	3076	6522
4295	7513	1722	9135	8028	5014	5265	8256
6833	3514	320	8523	3259	9049	2665	5279
282	1362	8234	5660	1352	1353	1117	3158
8568	5977	2601	1410	6762	7379	2345	5464
6978	4514	9169	7379	4491	7700	9112	2619
8115	3406	5591	5332	9403	4203	8585	1350
6101	8865	5070	2700	9718	4438	8161	7161
5852	2251	4889	5599	6692	7615	8626	877
3178	2402	6638	6180	2873	3904	7958	4766
9794	7773	9476	9500	2179	3473	944	5270
9761	8229	4528	8761	2586	7738	9509	7551